

--- Inversion on [96, 48, 48] grid with wTVReg and alpha=1.0 --- 

 i.LS	       F	       R	alpha[1]	   Jc/J0	 #Active
  1.0	7.90e-01	6.94e-01	1.00e+00	1.00e+00	  0
   .1	7.89e-01	6.72e-01			9.85e-01
  2.0	7.89e-01	6.72e-01	1.00e+00	9.85e-01	  0
   .1	7.95e-01	6.17e-01			9.51e-01
  3.0	7.95e-01	6.17e-01	1.00e+00	9.51e-01	  0
   .1	8.05e-01	5.56e-01			9.17e-01
  4.0	8.05e-01	5.56e-01	1.00e+00	9.17e-01	  0
   .1	8.17e-01	4.78e-01			8.72e-01
  5.0	8.17e-01	4.78e-01	1.00e+00	8.72e-01	  0
   .1	8.20e-01	4.28e-01			8.41e-01
  6.0	8.20e-01	4.28e-01	1.00e+00	8.41e-01	  0
   .1	7.76e-01	4.31e-01			8.14e-01
  7.0	7.76e-01	4.31e-01	1.00e+00	8.14e-01	  0
   .1	7.06e-01	4.55e-01			7.82e-01
  8.0	7.06e-01	4.55e-01	1.00e+00	7.82e-01	  0
   .1	6.21e-01	4.86e-01			7.46e-01
  9.0	6.21e-01	4.86e-01	1.00e+00	7.46e-01	  0
   .1	5.30e-01	5.20e-01			7.07e-01
 10.0	5.30e-01	5.20e-01	1.00e+00	7.07e-01	  0
   .1	4.54e-01	5.43e-01			6.72e-01
 11.0	4.54e-01	5.43e-01	1.00e+00	6.72e-01	  0
   .1	3.89e-01	5.68e-01			6.45e-01
 12.0	3.89e-01	5.68e-01	1.00e+00	6.45e-01	  0
   .1	3.38e-01	5.94e-01			6.28e-01
 13.0	3.38e-01	5.94e-01	1.00e+00	6.28e-01	  0
   .1	3.06e-01	6.09e-01			6.16e-01
 14.0	3.06e-01	6.09e-01	1.00e+00	6.16e-01	  0
   .1	2.87e-01	6.17e-01			6.09e-01
 15.0	2.87e-01	6.17e-01	1.00e+00	6.09e-01	  0
   .1	2.78e-01	6.19e-01			6.04e-01
 16.0	2.78e-01	6.19e-01	1.00e+00	6.04e-01	  0
   .1	2.75e-01	6.18e-01			6.01e-01
 17.0	2.75e-01	6.18e-01	1.00e+00	6.01e-01	  0
   .1	2.73e-01	6.17e-01			6.00e-01
 18.0	2.73e-01	6.17e-01	1.00e+00	6.00e-01	  0
   .1	2.72e-01	6.16e-01			5.98e-01
 19.0	2.72e-01	6.16e-01	1.00e+00	5.98e-01	  0
   .1	2.71e-01	6.16e-01			5.97e-01
 20.0	2.71e-01	6.16e-01	1.00e+00	5.97e-01	14637
   .1	2.70e-01	6.15e-01			5.97e-01
projGN iterated maxIter=20 times but reached only stepNorm of 0.006632219222273972 instead 0.001.


--- Inversion on [96, 48, 48] grid with wTVReg and alpha=0.6210169418915615 --- 

 i.LS	       F	       R	alpha[1]	   Jc/J0	 #Active
  1.0	2.70e-01	3.82e-01	6.21e-01	1.00e+00	1365
   .1	2.23e-01	4.14e-01			9.75e-01
  2.0	2.23e-01	4.14e-01	6.21e-01	9.75e-01	4546
   .1	1.89e-01	4.37e-01			9.60e-01
  3.0	1.89e-01	4.37e-01	6.21e-01	9.60e-01	74219
   .1	1.53e-01	4.65e-01			9.47e-01
  4.0	1.53e-01	4.65e-01	6.21e-01	9.47e-01	24337
   .1	1.48e-01	4.69e-01			9.45e-01
  5.0	1.48e-01	4.69e-01	6.21e-01	9.45e-01	15830
   .1	1.47e-01	4.69e-01			9.45e-01
   .2	1.48e-01	4.68e-01			9.44e-01
  6.0	1.48e-01	4.68e-01	6.21e-01	9.44e-01	6978
   .1	1.47e-01	4.68e-01			9.43e-01
  7.0	1.47e-01	4.68e-01	6.21e-01	9.43e-01	9988
   .1	1.47e-01	4.69e-01			9.44e-01
   .2	1.47e-01	4.68e-01			9.43e-01
  8.0	1.47e-01	4.68e-01	6.21e-01	9.43e-01	2786
   .1	1.47e-01	4.68e-01			9.42e-01
  9.0	1.47e-01	4.68e-01	6.21e-01	9.42e-01	5562
   .1	1.47e-01	4.68e-01			9.42e-01
   .2	1.47e-01	4.67e-01			9.42e-01
 10.0	1.47e-01	4.67e-01	6.21e-01	9.42e-01	1333
   .1	1.47e-01	4.67e-01			9.41e-01
 11.0	1.47e-01	4.67e-01	6.21e-01	9.41e-01	1953
   .1	1.46e-01	4.67e-01			9.41e-01
   .2	1.46e-01	4.67e-01			9.41e-01
 12.0	1.46e-01	4.67e-01	6.21e-01	9.41e-01	809
   .1	1.46e-01	4.67e-01			9.40e-01
 13.0	1.46e-01	4.67e-01	6.21e-01	9.40e-01	1521
   .1	1.46e-01	4.67e-01			9.40e-01
   .2	1.46e-01	4.67e-01			9.40e-01
   .3	1.46e-01	4.67e-01			9.40e-01
projGN reached desired accuracy at iteration 13.


--- Inversion on [96, 48, 48] grid with wTVReg and alpha=0.3856620421163472 --- 

 i.LS	       F	       R	alpha[1]	   Jc/J0	 #Active
  1.0	1.46e-01	2.90e-01	3.86e-01	1.00e+00	932
   .1	1.29e-01	3.01e-01			9.86e-01
  2.0	1.29e-01	3.01e-01	3.86e-01	9.86e-01	4962
   .1	1.19e-01	3.08e-01			9.80e-01
  3.0	1.19e-01	3.08e-01	3.86e-01	9.80e-01	35328
   .1	1.14e-01	3.12e-01			9.77e-01
  4.0	1.14e-01	3.12e-01	3.86e-01	9.77e-01	15241
   .1	1.10e-01	3.15e-01			9.75e-01
  5.0	1.10e-01	3.15e-01	3.86e-01	9.75e-01	12652
   .1	1.07e-01	3.18e-01			9.75e-01
  6.0	1.07e-01	3.18e-01	3.86e-01	9.75e-01	13859
   .1	1.06e-01	3.19e-01			9.74e-01
  7.0	1.06e-01	3.19e-01	3.86e-01	9.74e-01	12587
   .1	1.06e-01	3.19e-01			9.74e-01
   .2	1.06e-01	3.18e-01			9.73e-01
  8.0	1.06e-01	3.18e-01	3.86e-01	9.73e-01	4832
   .1	1.05e-01	3.19e-01			9.73e-01
  9.0	1.05e-01	3.19e-01	3.86e-01	9.73e-01	8338
   .1	1.05e-01	3.19e-01			9.72e-01
 10.0	1.05e-01	3.19e-01	3.86e-01	9.72e-01	7160
   .1	1.05e-01	3.20e-01			9.73e-01
   .2	1.05e-01	3.19e-01			9.72e-01
 11.0	1.05e-01	3.19e-01	3.86e-01	9.72e-01	2814
   .1	1.05e-01	3.19e-01			9.72e-01
 12.0	1.05e-01	3.19e-01	3.86e-01	9.72e-01	7684
   .1	1.05e-01	3.19e-01			9.72e-01
   .2	1.05e-01	3.19e-01			9.71e-01
projGN reached desired accuracy at iteration 12.


--- Inversion on [96, 48, 48] grid with wTVReg and alpha=0.23950266199874853 --- 

 i.LS	       F	       R	alpha[1]	   Jc/J0	 #Active
  1.0	1.05e-01	1.98e-01	2.40e-01	1.00e+00	1892
   .1	9.72e-02	2.03e-01			9.92e-01
  2.0	9.72e-02	2.03e-01	2.40e-01	9.92e-01	8122
   .1	9.36e-02	2.06e-01			9.89e-01
  3.0	9.36e-02	2.06e-01	2.40e-01	9.89e-01	7119
   .1	9.15e-02	2.08e-01			9.88e-01
  4.0	9.15e-02	2.08e-01	2.40e-01	9.88e-01	5312
   .1	9.02e-02	2.09e-01			9.87e-01
  5.0	9.02e-02	2.09e-01	2.40e-01	9.87e-01	5050
   .1	8.87e-02	2.10e-01			9.86e-01
  6.0	8.87e-02	2.10e-01	2.40e-01	9.86e-01	5538
   .1	8.64e-02	2.11e-01			9.83e-01
  7.0	8.64e-02	2.11e-01	2.40e-01	9.83e-01	6972
   .1	7.87e-02	2.15e-01			9.71e-01
  8.0	7.87e-02	2.15e-01	2.40e-01	9.71e-01	11081
   .1	6.96e-02	2.21e-01			9.60e-01
  9.0	6.96e-02	2.21e-01	2.40e-01	9.60e-01	15386
   .1	6.97e-02	2.19e-01			9.54e-01
 10.0	6.97e-02	2.19e-01	2.40e-01	9.54e-01	14637
   .1	6.46e-02	2.22e-01			9.46e-01
 11.0	6.46e-02	2.22e-01	2.40e-01	9.46e-01	14315
   .1	6.28e-02	2.22e-01			9.41e-01
 12.0	6.28e-02	2.22e-01	2.40e-01	9.41e-01	13794
   .1	6.35e-02	2.21e-01			9.40e-01
 13.0	6.35e-02	2.21e-01	2.40e-01	9.40e-01	11964
   .1	6.38e-02	2.20e-01			9.38e-01
 14.0	6.38e-02	2.20e-01	2.40e-01	9.38e-01	13091
   .1	6.42e-02	2.20e-01			9.38e-01
 15.0	6.42e-02	2.20e-01	2.40e-01	9.38e-01	13949
   .1	6.45e-02	2.19e-01			9.38e-01
 16.0	6.45e-02	2.19e-01	2.40e-01	9.38e-01	16881
   .1	6.47e-02	2.19e-01			9.37e-01
 17.0	6.47e-02	2.19e-01	2.40e-01	9.37e-01	13513
   .1	6.48e-02	2.19e-01			9.37e-01
 18.0	6.48e-02	2.19e-01	2.40e-01	9.37e-01	16121
   .1	6.49e-02	2.19e-01			9.37e-01
 19.0	6.49e-02	2.19e-01	2.40e-01	9.37e-01	11027
   .1	6.49e-02	2.19e-01			9.37e-01
 20.0	6.49e-02	2.19e-01	2.40e-01	9.37e-01	14622
   .1	6.49e-02	2.19e-01			9.37e-01
projGN iterated maxIter=20 times but reached only stepNorm of 0.001318225596563971 instead 0.001.


--- Inversion on [96, 48, 48] grid with wTVReg and alpha=0.14873521072935114 --- 

 i.LS	       F	       R	alpha[1]	   Jc/J0	 #Active
  1.0	6.49e-02	1.36e-01	1.49e-01	1.00e+00	10255
   .1	6.13e-02	1.38e-01			9.93e-01
  2.0	6.13e-02	1.38e-01	1.49e-01	9.93e-01	9176
   .1	5.97e-02	1.39e-01			9.92e-01
  3.0	5.97e-02	1.39e-01	1.49e-01	9.92e-01	9231
   .1	5.89e-02	1.40e-01			9.91e-01
  4.0	5.89e-02	1.40e-01	1.49e-01	9.91e-01	10936
   .1	5.83e-02	1.41e-01			9.90e-01
  5.0	5.83e-02	1.41e-01	1.49e-01	9.90e-01	8313
   .1	5.74e-02	1.41e-01			9.88e-01
  6.0	5.74e-02	1.41e-01	1.49e-01	9.88e-01	7825
   .1	5.41e-02	1.43e-01			9.80e-01
  7.0	5.41e-02	1.43e-01	1.49e-01	9.80e-01	10263
   .1	4.74e-02	1.46e-01			9.64e-01
  8.0	4.74e-02	1.46e-01	1.49e-01	9.64e-01	12012
   .1	4.47e-02	1.47e-01			9.54e-01
  9.0	4.47e-02	1.47e-01	1.49e-01	9.54e-01	15509
   .1	4.06e-02	1.49e-01			9.43e-01
 10.0	4.06e-02	1.49e-01	1.49e-01	9.43e-01	21129
   .1	4.01e-02	1.48e-01			9.37e-01
 11.0	4.01e-02	1.48e-01	1.49e-01	9.37e-01	17533
   .1	3.97e-02	1.48e-01			9.33e-01
 12.0	3.97e-02	1.48e-01	1.49e-01	9.33e-01	20468
   .1	4.00e-02	1.47e-01			9.32e-01
 13.0	4.00e-02	1.47e-01	1.49e-01	9.32e-01	17437
   .1	4.02e-02	1.47e-01			9.31e-01
 14.0	4.02e-02	1.47e-01	1.49e-01	9.31e-01	25040
   .1	4.03e-02	1.47e-01			9.31e-01
 15.0	4.03e-02	1.47e-01	1.49e-01	9.31e-01	21880
   .1	4.03e-02	1.47e-01			9.31e-01
   .2	4.03e-02	1.46e-01			9.30e-01
 16.0	4.03e-02	1.46e-01	1.49e-01	9.30e-01	8789
   .1	4.04e-02	1.46e-01			9.30e-01
 17.0	4.04e-02	1.46e-01	1.49e-01	9.30e-01	18523
   .1	4.03e-02	1.46e-01			9.30e-01
 18.0	4.03e-02	1.46e-01	1.49e-01	9.30e-01	15538
   .1	4.04e-02	1.46e-01			9.30e-01
   .2	4.04e-02	1.46e-01			9.29e-01
 19.0	4.04e-02	1.46e-01	1.49e-01	9.29e-01	4646
   .1	4.04e-02	1.46e-01			9.29e-01
 20.0	4.04e-02	1.46e-01	1.49e-01	9.29e-01	10872
   .1	4.04e-02	1.46e-01			9.29e-01
   .2	4.04e-02	1.46e-01			9.29e-01
projGN reached desired accuracy at iteration 20.


--- Inversion on [96, 48, 48] grid with wTVReg and alpha=0.09236708571873861 --- 

 i.LS	       F	       R	alpha[1]	   Jc/J0	 #Active
  1.0	4.04e-02	9.08e-02	9.24e-02	1.00e+00	3058
   .1	3.85e-02	9.20e-02			9.95e-01
  2.0	3.85e-02	9.20e-02	9.24e-02	9.95e-01	17097
   .1	3.78e-02	9.26e-02			9.94e-01
  3.0	3.78e-02	9.26e-02	9.24e-02	9.94e-01	19545
   .1	3.74e-02	9.30e-02			9.94e-01
  4.0	3.74e-02	9.30e-02	9.24e-02	9.94e-01	13673
   .1	3.69e-02	9.33e-02			9.93e-01
  5.0	3.69e-02	9.33e-02	9.24e-02	9.93e-01	12697
   .1	3.61e-02	9.37e-02			9.90e-01
  6.0	3.61e-02	9.37e-02	9.24e-02	9.90e-01	12957
   .1	3.40e-02	9.47e-02			9.81e-01
  7.0	3.40e-02	9.47e-02	9.24e-02	9.81e-01	15544
   .1	3.15e-02	9.58e-02			9.70e-01
  8.0	3.15e-02	9.58e-02	9.24e-02	9.70e-01	20212
   .1	2.99e-02	9.63e-02			9.62e-01
  9.0	2.99e-02	9.63e-02	9.24e-02	9.62e-01	20656
   .1	2.89e-02	9.65e-02			9.56e-01
 10.0	2.89e-02	9.65e-02	9.24e-02	9.56e-01	17885
   .1	2.89e-02	9.62e-02			9.53e-01
 11.0	2.89e-02	9.62e-02	9.24e-02	9.53e-01	15087
   .1	2.89e-02	9.60e-02			9.52e-01
 12.0	2.89e-02	9.60e-02	9.24e-02	9.52e-01	20637
   .1	2.87e-02	9.60e-02			9.51e-01
 13.0	2.87e-02	9.60e-02	9.24e-02	9.51e-01	16391
   .1	2.88e-02	9.59e-02			9.50e-01
 14.0	2.88e-02	9.59e-02	9.24e-02	9.50e-01	24208
   .1	2.88e-02	9.59e-02			9.50e-01
 15.0	2.88e-02	9.59e-02	9.24e-02	9.50e-01	16749
   .1	2.88e-02	9.58e-02			9.50e-01
   .2	2.88e-02	9.58e-02			9.49e-01
 16.0	2.88e-02	9.58e-02	9.24e-02	9.49e-01	5129
   .1	2.87e-02	9.57e-02			9.49e-01
 17.0	2.87e-02	9.57e-02	9.24e-02	9.49e-01	10733
   .1	2.88e-02	9.57e-02			9.49e-01
   .2	2.87e-02	9.57e-02			9.49e-01
 18.0	2.87e-02	9.57e-02	9.24e-02	9.49e-01	3036
   .1	2.87e-02	9.57e-02			9.49e-01
 19.0	2.87e-02	9.57e-02	9.24e-02	9.49e-01	7495
   .1	2.87e-02	9.57e-02			9.49e-01
   .2	2.87e-02	9.57e-02			9.49e-01
 20.0	2.87e-02	9.57e-02	9.24e-02	9.49e-01	3176
   .1	2.87e-02	9.57e-02			9.49e-01
projGN iterated maxIter=20 times but reached only stepNorm of 0.0019907081576389096 instead 0.001.


--- Inversion on [96, 48, 48] grid with wTVReg and alpha=0.057361525104486784 --- 

 i.LS	       F	       R	alpha[1]	   Jc/J0	 #Active
  1.0	2.87e-02	5.94e-02	5.74e-02	1.00e+00	5378
   .1	2.78e-02	6.01e-02			9.97e-01
  2.0	2.78e-02	6.01e-02	5.74e-02	9.97e-01	10945
   .1	2.73e-02	6.04e-02			9.95e-01
  3.0	2.73e-02	6.04e-02	5.74e-02	9.95e-01	11456
   .1	2.71e-02	6.06e-02			9.95e-01
  4.0	2.71e-02	6.06e-02	5.74e-02	9.95e-01	16789
   .1	2.68e-02	6.08e-02			9.94e-01
  5.0	2.68e-02	6.08e-02	5.74e-02	9.94e-01	16535
   .1	2.65e-02	6.10e-02			9.92e-01
  6.0	2.65e-02	6.10e-02	5.74e-02	9.92e-01	20537
   .1	2.59e-02	6.13e-02			9.89e-01
  7.0	2.59e-02	6.13e-02	5.74e-02	9.89e-01	20124
   .1	2.52e-02	6.16e-02			9.85e-01
  8.0	2.52e-02	6.16e-02	5.74e-02	9.85e-01	24129
   .1	2.46e-02	6.19e-02			9.80e-01
  9.0	2.46e-02	6.19e-02	5.74e-02	9.80e-01	23616
   .1	2.42e-02	6.20e-02			9.77e-01
 10.0	2.42e-02	6.20e-02	5.74e-02	9.77e-01	20927
   .1	2.39e-02	6.20e-02			9.75e-01
 11.0	2.39e-02	6.20e-02	5.74e-02	9.75e-01	20918
   .1	2.36e-02	6.22e-02			9.73e-01
 12.0	2.36e-02	6.22e-02	5.74e-02	9.73e-01	21718
   .1	2.36e-02	6.21e-02			9.72e-01
 13.0	2.36e-02	6.21e-02	5.74e-02	9.72e-01	21948
   .1	2.35e-02	6.21e-02			9.71e-01
 14.0	2.35e-02	6.21e-02	5.74e-02	9.71e-01	20591
   .1	2.35e-02	6.21e-02			9.71e-01
 15.0	2.35e-02	6.21e-02	5.74e-02	9.71e-01	23982
   .1	2.35e-02	6.21e-02			9.71e-01
 16.0	2.35e-02	6.21e-02	5.74e-02	9.71e-01	19306
   .1	2.35e-02	6.21e-02			9.71e-01
 17.0	2.35e-02	6.21e-02	5.74e-02	9.71e-01	21935
   .1	2.34e-02	6.21e-02			9.71e-01
 18.0	2.34e-02	6.21e-02	5.74e-02	9.71e-01	19913
   .1	2.34e-02	6.21e-02			9.71e-01
 19.0	2.34e-02	6.21e-02	5.74e-02	9.71e-01	20788
   .1	2.34e-02	6.21e-02			9.70e-01
 20.0	2.34e-02	6.21e-02	5.74e-02	9.70e-01	17171
   .1	2.34e-02	6.21e-02			9.70e-01
projGN iterated maxIter=20 times but reached only stepNorm of 0.00111401406501499 instead 0.001.


--- Inversion on [96, 48, 48] grid with wTVReg and alpha=0.035622478902624426 --- 

 i.LS	       F	       R	alpha[1]	   Jc/J0	 #Active
  1.0	2.34e-02	3.86e-02	3.56e-02	1.00e+00	17474
   .1	2.28e-02	3.90e-02			9.97e-01
  2.0	2.28e-02	3.90e-02	3.56e-02	9.97e-01	8581
   .1	2.25e-02	3.92e-02			9.95e-01
  3.0	2.25e-02	3.92e-02	3.56e-02	9.95e-01	15472
   .1	2.22e-02	3.94e-02			9.93e-01
  4.0	2.22e-02	3.94e-02	3.56e-02	9.93e-01	24134
   .1	2.19e-02	3.96e-02			9.92e-01
  5.0	2.19e-02	3.96e-02	3.56e-02	9.92e-01	24166
   .1	2.16e-02	3.98e-02			9.90e-01
  6.0	2.16e-02	3.98e-02	3.56e-02	9.90e-01	18533
   .1	2.13e-02	4.00e-02			9.89e-01
  7.0	2.13e-02	4.00e-02	3.56e-02	9.89e-01	17930
   .1	2.11e-02	4.01e-02			9.87e-01
  8.0	2.11e-02	4.01e-02	3.56e-02	9.87e-01	20079
   .1	2.08e-02	4.03e-02			9.85e-01
  9.0	2.08e-02	4.03e-02	3.56e-02	9.85e-01	19899
   .1	2.07e-02	4.03e-02			9.85e-01
 10.0	2.07e-02	4.03e-02	3.56e-02	9.85e-01	24208
   .1	2.06e-02	4.04e-02			9.84e-01
 11.0	2.06e-02	4.04e-02	3.56e-02	9.84e-01	19912
   .1	2.06e-02	4.04e-02			9.83e-01
 12.0	2.06e-02	4.04e-02	3.56e-02	9.83e-01	24121
   .1	2.05e-02	4.04e-02			9.83e-01
 13.0	2.05e-02	4.04e-02	3.56e-02	9.83e-01	21032
   .1	2.05e-02	4.04e-02			9.83e-01
 14.0	2.05e-02	4.04e-02	3.56e-02	9.83e-01	22345
   .1	2.05e-02	4.04e-02			9.83e-01
 15.0	2.05e-02	4.04e-02	3.56e-02	9.83e-01	19558
   .1	2.05e-02	4.04e-02			9.83e-01
projGN reached desired accuracy at iteration 15.


--- Inversion on [96, 48, 48] grid with wTVReg and alpha=0.022122162910704492 --- 

 i.LS	       F	       R	alpha[1]	   Jc/J0	 #Active
  1.0	2.05e-02	2.51e-02	2.21e-02	1.00e+00	20185
   .1	2.01e-02	2.54e-02			9.97e-01
  2.0	2.01e-02	2.54e-02	2.21e-02	9.97e-01	28594
   .1	1.99e-02	2.55e-02			9.96e-01
  3.0	1.99e-02	2.55e-02	2.21e-02	9.96e-01	21678
   .1	1.97e-02	2.57e-02			9.94e-01
  4.0	1.97e-02	2.57e-02	2.21e-02	9.94e-01	25519
   .1	1.92e-02	2.59e-02			9.90e-01
  5.0	1.92e-02	2.59e-02	2.21e-02	9.90e-01	41223
   .1	1.85e-02	2.63e-02			9.82e-01
  6.0	1.85e-02	2.63e-02	2.21e-02	9.82e-01	37825
   .1	1.78e-02	2.66e-02			9.73e-01
  7.0	1.78e-02	2.66e-02	2.21e-02	9.73e-01	35720
   .1	1.70e-02	2.69e-02			9.63e-01
  8.0	1.70e-02	2.69e-02	2.21e-02	9.63e-01	39537
   .1	1.66e-02	2.71e-02			9.57e-01
  9.0	1.66e-02	2.71e-02	2.21e-02	9.57e-01	41728
   .1	1.63e-02	2.71e-02			9.53e-01
 10.0	1.63e-02	2.71e-02	2.21e-02	9.53e-01	35677
   .1	1.62e-02	2.72e-02			9.51e-01
 11.0	1.62e-02	2.72e-02	2.21e-02	9.51e-01	41938
   .1	1.62e-02	2.72e-02			9.50e-01
 12.0	1.62e-02	2.72e-02	2.21e-02	9.50e-01	33416
   .1	1.62e-02	2.71e-02			9.50e-01
 13.0	1.62e-02	2.71e-02	2.21e-02	9.50e-01	36894
   .1	1.62e-02	2.71e-02			9.49e-01
 14.0	1.62e-02	2.71e-02	2.21e-02	9.49e-01	28682
   .1	1.62e-02	2.71e-02			9.49e-01
 15.0	1.62e-02	2.71e-02	2.21e-02	9.49e-01	30151
   .1	1.62e-02	2.71e-02			9.49e-01
 16.0	1.62e-02	2.71e-02	2.21e-02	9.49e-01	30324
   .1	1.62e-02	2.71e-02			9.48e-01
 17.0	1.62e-02	2.71e-02	2.21e-02	9.48e-01	27367
   .1	1.62e-02	2.71e-02			9.48e-01
 18.0	1.62e-02	2.71e-02	2.21e-02	9.48e-01	27946
   .1	1.62e-02	2.71e-02			9.48e-01
 19.0	1.62e-02	2.71e-02	2.21e-02	9.48e-01	23408
   .1	1.62e-02	2.71e-02			9.48e-01
 20.0	1.62e-02	2.71e-02	2.21e-02	9.48e-01	21620
   .1	1.62e-02	2.71e-02			9.48e-01
projGN iterated maxIter=20 times but reached only stepNorm of 0.003165000112038796 instead 0.001.


--- Inversion on [96, 48, 48] grid with wTVReg and alpha=0.01373823795883263 --- 

 i.LS	       F	       R	alpha[1]	   Jc/J0	 #Active
  1.0	1.62e-02	1.68e-02	1.37e-02	1.00e+00	19579
   .1	1.59e-02	1.70e-02			9.97e-01
  2.0	1.59e-02	1.70e-02	1.37e-02	9.97e-01	33665
   .1	1.57e-02	1.71e-02			9.96e-01
  3.0	1.57e-02	1.71e-02	1.37e-02	9.96e-01	30293
   .1	1.56e-02	1.72e-02			9.95e-01
  4.0	1.56e-02	1.72e-02	1.37e-02	9.95e-01	31440
   .1	1.55e-02	1.73e-02			9.94e-01
  5.0	1.55e-02	1.73e-02	1.37e-02	9.94e-01	24665
   .1	1.54e-02	1.74e-02			9.94e-01
  6.0	1.54e-02	1.74e-02	1.37e-02	9.94e-01	29428
   .1	1.54e-02	1.74e-02			9.93e-01
  7.0	1.54e-02	1.74e-02	1.37e-02	9.93e-01	30013
   .1	1.53e-02	1.74e-02			9.92e-01
  8.0	1.53e-02	1.74e-02	1.37e-02	9.92e-01	30707
   .1	1.53e-02	1.74e-02			9.92e-01
  9.0	1.53e-02	1.74e-02	1.37e-02	9.92e-01	28255
   .1	1.53e-02	1.74e-02			9.92e-01
 10.0	1.53e-02	1.74e-02	1.37e-02	9.92e-01	27358
   .1	1.53e-02	1.74e-02			9.91e-01
 11.0	1.53e-02	1.74e-02	1.37e-02	9.91e-01	29525
   .1	1.52e-02	1.74e-02			9.91e-01
 12.0	1.52e-02	1.74e-02	1.37e-02	9.91e-01	32057
   .1	1.52e-02	1.75e-02			9.91e-01
 13.0	1.52e-02	1.75e-02	1.37e-02	9.91e-01	29279
   .1	1.52e-02	1.75e-02			9.91e-01
 14.0	1.52e-02	1.75e-02	1.37e-02	9.91e-01	27836
   .1	1.52e-02	1.75e-02			9.90e-01
 15.0	1.52e-02	1.75e-02	1.37e-02	9.90e-01	30243
   .1	1.52e-02	1.75e-02			9.90e-01
 16.0	1.52e-02	1.75e-02	1.37e-02	9.90e-01	33221
   .1	1.51e-02	1.75e-02			9.89e-01
 17.0	1.51e-02	1.75e-02	1.37e-02	9.89e-01	32446
   .1	1.51e-02	1.75e-02			9.89e-01
 18.0	1.51e-02	1.75e-02	1.37e-02	9.89e-01	32376
   .1	1.51e-02	1.75e-02			9.89e-01
 19.0	1.51e-02	1.75e-02	1.37e-02	9.89e-01	30246
   .1	1.51e-02	1.75e-02			9.88e-01
 20.0	1.51e-02	1.75e-02	1.37e-02	9.88e-01	31048
   .1	1.51e-02	1.75e-02			9.88e-01
projGN iterated maxIter=20 times but reached only stepNorm of 0.005014117702459409 instead 0.001.


--- Inversion on [96, 48, 48] grid with wTVReg and alpha=0.008531678524172805 --- 

 i.LS	       F	       R	alpha[1]	   Jc/J0	 #Active
  1.0	1.51e-02	1.09e-02	8.53e-03	1.00e+00	31980
   .1	1.49e-02	1.10e-02			9.97e-01
  2.0	1.49e-02	1.10e-02	8.53e-03	9.97e-01	46998
   .1	1.47e-02	1.11e-02			9.95e-01
  3.0	1.47e-02	1.11e-02	8.53e-03	9.95e-01	41018
   .1	1.45e-02	1.12e-02			9.92e-01
  4.0	1.45e-02	1.12e-02	8.53e-03	9.92e-01	54142
   .1	1.44e-02	1.13e-02			9.88e-01
  5.0	1.44e-02	1.13e-02	8.53e-03	9.88e-01	47651
   .1	1.43e-02	1.13e-02			9.86e-01
  6.0	1.43e-02	1.13e-02	8.53e-03	9.86e-01	42896
   .1	1.42e-02	1.13e-02			9.85e-01
  7.0	1.42e-02	1.13e-02	8.53e-03	9.85e-01	42388
   .1	1.42e-02	1.13e-02			9.84e-01
  8.0	1.42e-02	1.13e-02	8.53e-03	9.84e-01	40551
   .1	1.42e-02	1.13e-02			9.84e-01
  9.0	1.42e-02	1.13e-02	8.53e-03	9.84e-01	41361
   .1	1.42e-02	1.13e-02			9.83e-01
 10.0	1.42e-02	1.13e-02	8.53e-03	9.83e-01	40184
   .1	1.42e-02	1.13e-02			9.83e-01
 11.0	1.42e-02	1.13e-02	8.53e-03	9.83e-01	39844
   .1	1.42e-02	1.13e-02			9.83e-01
 12.0	1.42e-02	1.13e-02	8.53e-03	9.83e-01	34131
   .1	1.42e-02	1.13e-02			9.83e-01
 13.0	1.42e-02	1.13e-02	8.53e-03	9.83e-01	31151
   .1	1.42e-02	1.13e-02			9.83e-01
 14.0	1.42e-02	1.13e-02	8.53e-03	9.83e-01	33683
   .1	1.42e-02	1.13e-02			9.83e-01
 15.0	1.42e-02	1.13e-02	8.53e-03	9.83e-01	27880
   .1	1.42e-02	1.13e-02			9.83e-01
 16.0	1.42e-02	1.13e-02	8.53e-03	9.83e-01	27152
   .1	1.42e-02	1.13e-02			9.83e-01
 17.0	1.42e-02	1.13e-02	8.53e-03	9.83e-01	28000
   .1	1.42e-02	1.13e-02			9.83e-01
 18.0	1.42e-02	1.13e-02	8.53e-03	9.83e-01	26970
   .1	1.42e-02	1.13e-02			9.83e-01
 19.0	1.42e-02	1.13e-02	8.53e-03	9.83e-01	25025
   .1	1.42e-02	1.13e-02			9.83e-01
 20.0	1.42e-02	1.13e-02	8.53e-03	9.83e-01	23932
   .1	1.42e-02	1.13e-02			9.83e-01
projGN iterated maxIter=20 times but reached only stepNorm of 0.0025238535091977043 instead 0.001.


--- Inversion on [96, 48, 48] grid with wTVReg and alpha=0.005298316906283708 --- 

 i.LS	       F	       R	alpha[1]	   Jc/J0	 #Active
  1.0	1.42e-02	7.03e-03	5.30e-03	1.00e+00	25441
   .1	1.41e-02	7.12e-03			9.98e-01
  2.0	1.41e-02	7.12e-03	5.30e-03	9.98e-01	48128
   .1	1.40e-02	7.16e-03			9.98e-01
  3.0	1.40e-02	7.16e-03	5.30e-03	9.98e-01	48313
   .1	1.40e-02	7.18e-03			9.98e-01
  4.0	1.40e-02	7.18e-03	5.30e-03	9.98e-01	40924
   .1	1.40e-02	7.19e-03			9.97e-01
  5.0	1.40e-02	7.19e-03	5.30e-03	9.97e-01	35266
   .1	1.40e-02	7.21e-03			9.97e-01
  6.0	1.40e-02	7.21e-03	5.30e-03	9.97e-01	35406
   .1	1.39e-02	7.22e-03			9.97e-01
  7.0	1.39e-02	7.22e-03	5.30e-03	9.97e-01	33096
   .1	1.39e-02	7.22e-03			9.97e-01
  8.0	1.39e-02	7.22e-03	5.30e-03	9.97e-01	36666
   .1	1.39e-02	7.23e-03			9.96e-01
  9.0	1.39e-02	7.23e-03	5.30e-03	9.96e-01	41933
   .1	1.39e-02	7.23e-03			9.96e-01
 10.0	1.39e-02	7.23e-03	5.30e-03	9.96e-01	42881
   .1	1.39e-02	7.23e-03			9.96e-01
 11.0	1.39e-02	7.23e-03	5.30e-03	9.96e-01	39934
   .1	1.39e-02	7.24e-03			9.96e-01
 12.0	1.39e-02	7.24e-03	5.30e-03	9.96e-01	38252
   .1	1.39e-02	7.24e-03			9.96e-01
 13.0	1.39e-02	7.24e-03	5.30e-03	9.96e-01	41776
   .1	1.39e-02	7.24e-03			9.96e-01
 14.0	1.39e-02	7.24e-03	5.30e-03	9.96e-01	39580
   .1	1.39e-02	7.24e-03			9.96e-01
 15.0	1.39e-02	7.24e-03	5.30e-03	9.96e-01	37135
   .1	1.39e-02	7.24e-03			9.95e-01
 16.0	1.39e-02	7.24e-03	5.30e-03	9.95e-01	36504
   .1	1.39e-02	7.24e-03			9.95e-01
 17.0	1.39e-02	7.24e-03	5.30e-03	9.95e-01	35974
   .1	1.39e-02	7.24e-03			9.95e-01
 18.0	1.39e-02	7.24e-03	5.30e-03	9.95e-01	36634
   .1	1.39e-02	7.24e-03			9.95e-01
 19.0	1.39e-02	7.24e-03	5.30e-03	9.95e-01	33006
   .1	1.39e-02	7.24e-03			9.95e-01
 20.0	1.39e-02	7.24e-03	5.30e-03	9.95e-01	34512
   .1	1.39e-02	7.24e-03			9.95e-01
projGN iterated maxIter=20 times but reached only stepNorm of 0.001925363278534653 instead 0.001.


--- Inversion on [96, 48, 48] grid with wTVReg and alpha=0.0032903445623126675 --- 

 i.LS	       F	       R	alpha[1]	   Jc/J0	 #Active
  1.0	1.39e-02	4.50e-03	3.29e-03	1.00e+00	34391
   .1	1.38e-02	4.55e-03			9.99e-01
  2.0	1.38e-02	4.55e-03	3.29e-03	9.99e-01	37958
   .1	1.38e-02	4.58e-03			9.98e-01
  3.0	1.38e-02	4.58e-03	3.29e-03	9.98e-01	66874
   .1	1.38e-02	4.59e-03			9.98e-01
  4.0	1.38e-02	4.59e-03	3.29e-03	9.98e-01	52327
   .1	1.37e-02	4.60e-03			9.98e-01
  5.0	1.37e-02	4.60e-03	3.29e-03	9.98e-01	43450
   .1	1.37e-02	4.60e-03			9.98e-01
  6.0	1.37e-02	4.60e-03	3.29e-03	9.98e-01	40363
   .1	1.37e-02	4.61e-03			9.98e-01
  7.0	1.37e-02	4.61e-03	3.29e-03	9.98e-01	38902
   .1	1.37e-02	4.61e-03			9.98e-01
  8.0	1.37e-02	4.61e-03	3.29e-03	9.98e-01	39254
   .1	1.37e-02	4.61e-03			9.98e-01
  9.0	1.37e-02	4.61e-03	3.29e-03	9.98e-01	45024
   .1	1.37e-02	4.61e-03			9.98e-01
 10.0	1.37e-02	4.61e-03	3.29e-03	9.98e-01	40773
   .1	1.37e-02	4.61e-03			9.98e-01
 11.0	1.37e-02	4.61e-03	3.29e-03	9.98e-01	43665
   .1	1.37e-02	4.61e-03			9.98e-01
 12.0	1.37e-02	4.61e-03	3.29e-03	9.98e-01	43151
   .1	1.37e-02	4.61e-03			9.98e-01
 13.0	1.37e-02	4.61e-03	3.29e-03	9.98e-01	42238
   .1	1.37e-02	4.62e-03			9.98e-01
 14.0	1.37e-02	4.62e-03	3.29e-03	9.98e-01	40353
   .1	1.37e-02	4.62e-03			9.98e-01
 15.0	1.37e-02	4.62e-03	3.29e-03	9.98e-01	39368
   .1	1.37e-02	4.62e-03			9.98e-01
 16.0	1.37e-02	4.62e-03	3.29e-03	9.98e-01	39625
   .1	1.37e-02	4.62e-03			9.98e-01
 17.0	1.37e-02	4.62e-03	3.29e-03	9.98e-01	38931
   .1	1.37e-02	4.62e-03			9.98e-01
projGN reached desired accuracy at iteration 17.


--- Inversion on [96, 48, 48] grid with wTVReg and alpha=0.0020433597178569417 --- 

 i.LS	       F	       R	alpha[1]	   Jc/J0	 #Active
  1.0	1.37e-02	2.87e-03	2.04e-03	1.00e+00	38954
   .1	1.37e-02	2.90e-03			9.99e-01
  2.0	1.37e-02	2.90e-03	2.04e-03	9.99e-01	39955
   .1	1.36e-02	2.92e-03			9.99e-01
  3.0	1.36e-02	2.92e-03	2.04e-03	9.99e-01	70473
   .1	1.36e-02	2.93e-03			9.99e-01
  4.0	1.36e-02	2.93e-03	2.04e-03	9.99e-01	68107
   .1	1.36e-02	2.94e-03			9.99e-01
  5.0	1.36e-02	2.94e-03	2.04e-03	9.99e-01	61731
   .1	1.36e-02	2.95e-03			9.99e-01
  6.0	1.36e-02	2.95e-03	2.04e-03	9.99e-01	63503
   .1	1.36e-02	2.95e-03			9.98e-01
  7.0	1.36e-02	2.95e-03	2.04e-03	9.98e-01	60526
   .1	1.36e-02	2.95e-03			9.98e-01
  8.0	1.36e-02	2.95e-03	2.04e-03	9.98e-01	60827
   .1	1.36e-02	2.96e-03			9.98e-01
  9.0	1.36e-02	2.96e-03	2.04e-03	9.98e-01	61383
   .1	1.36e-02	2.96e-03			9.98e-01
 10.0	1.36e-02	2.96e-03	2.04e-03	9.98e-01	61253
   .1	1.36e-02	2.96e-03			9.98e-01
 11.0	1.36e-02	2.96e-03	2.04e-03	9.98e-01	61720
   .1	1.36e-02	2.96e-03			9.98e-01
 12.0	1.36e-02	2.96e-03	2.04e-03	9.98e-01	62123
   .1	1.36e-02	2.96e-03			9.98e-01
 13.0	1.36e-02	2.96e-03	2.04e-03	9.98e-01	61458
   .1	1.36e-02	2.96e-03			9.98e-01
 14.0	1.36e-02	2.96e-03	2.04e-03	9.98e-01	63516
   .1	1.36e-02	2.97e-03			9.98e-01
 15.0	1.36e-02	2.97e-03	2.04e-03	9.98e-01	64185
   .1	1.36e-02	2.97e-03			9.98e-01
 16.0	1.36e-02	2.97e-03	2.04e-03	9.98e-01	63831
   .1	1.36e-02	2.97e-03			9.98e-01
 17.0	1.36e-02	2.97e-03	2.04e-03	9.98e-01	64512
   .1	1.36e-02	2.97e-03			9.98e-01
 18.0	1.36e-02	2.97e-03	2.04e-03	9.98e-01	66181
   .1	1.36e-02	2.97e-03			9.98e-01
 19.0	1.36e-02	2.97e-03	2.04e-03	9.98e-01	65334
   .1	1.36e-02	2.97e-03			9.98e-01
 20.0	1.36e-02	2.97e-03	2.04e-03	9.98e-01	65579
   .1	1.36e-02	2.97e-03			9.98e-01
projGN iterated maxIter=20 times but reached only stepNorm of 0.005882017258232564 instead 0.001.


--- Inversion on [96, 48, 48] grid with wTVReg and alpha=0.0012689610031679222 --- 

 i.LS	       F	       R	alpha[1]	   Jc/J0	 #Active
  1.0	1.36e-02	1.85e-03	1.27e-03	1.00e+00	66949
   .1	1.35e-02	1.88e-03			9.99e-01
  2.0	1.35e-02	1.88e-03	1.27e-03	9.99e-01	95335
   .1	1.35e-02	1.90e-03			9.99e-01
  3.0	1.35e-02	1.90e-03	1.27e-03	9.99e-01	94064
   .1	1.35e-02	1.91e-03			9.98e-01
  4.0	1.35e-02	1.91e-03	1.27e-03	9.98e-01	93535
   .1	1.35e-02	1.92e-03			9.98e-01
  5.0	1.35e-02	1.92e-03	1.27e-03	9.98e-01	95882
   .1	1.35e-02	1.93e-03			9.98e-01
  6.0	1.35e-02	1.93e-03	1.27e-03	9.98e-01	96269
   .1	1.35e-02	1.93e-03			9.98e-01
  7.0	1.35e-02	1.93e-03	1.27e-03	9.98e-01	97742
   .1	1.35e-02	1.94e-03			9.98e-01
  8.0	1.35e-02	1.94e-03	1.27e-03	9.98e-01	96916
   .1	1.35e-02	1.94e-03			9.98e-01
  9.0	1.35e-02	1.94e-03	1.27e-03	9.98e-01	99180
   .1	1.34e-02	1.95e-03			9.98e-01
 10.0	1.34e-02	1.95e-03	1.27e-03	9.98e-01	98656
   .1	1.34e-02	1.95e-03			9.98e-01
 11.0	1.34e-02	1.95e-03	1.27e-03	9.98e-01	100753
   .1	1.34e-02	1.96e-03			9.97e-01
 12.0	1.34e-02	1.96e-03	1.27e-03	9.97e-01	100114
   .1	1.34e-02	1.96e-03			9.97e-01
 13.0	1.34e-02	1.96e-03	1.27e-03	9.97e-01	100106
   .1	1.34e-02	1.97e-03			9.97e-01
 14.0	1.34e-02	1.97e-03	1.27e-03	9.97e-01	101690
   .1	1.34e-02	1.97e-03			9.97e-01
 15.0	1.34e-02	1.97e-03	1.27e-03	9.97e-01	101099
   .1	1.34e-02	1.97e-03			9.97e-01
 16.0	1.34e-02	1.97e-03	1.27e-03	9.97e-01	101293
   .1	1.34e-02	1.97e-03			9.97e-01
 17.0	1.34e-02	1.97e-03	1.27e-03	9.97e-01	100824
   .1	1.34e-02	1.98e-03			9.97e-01
 18.0	1.34e-02	1.98e-03	1.27e-03	9.97e-01	101715
   .1	1.34e-02	1.98e-03			9.97e-01
 19.0	1.34e-02	1.98e-03	1.27e-03	9.97e-01	100763
   .1	1.34e-02	1.98e-03			9.97e-01
 20.0	1.34e-02	1.98e-03	1.27e-03	9.97e-01	101856
   .1	1.34e-02	1.98e-03			9.97e-01
projGN iterated maxIter=20 times but reached only stepNorm of 0.09999999999999998 instead 0.001.


--- Inversion on [96, 48, 48] grid with wTVReg and alpha=0.0007880462815669912 --- 

 i.LS	       F	       R	alpha[1]	   Jc/J0	 #Active
  1.0	1.34e-02	1.23e-03	7.88e-04	1.00e+00	102765
   .1	1.34e-02	1.24e-03			1.00e+00
  2.0	1.34e-02	1.24e-03	7.88e-04	1.00e+00	111670
   .1	1.34e-02	1.26e-03			9.99e-01
  3.0	1.34e-02	1.26e-03	7.88e-04	9.99e-01	114518
   .1	1.33e-02	1.27e-03			9.99e-01
  4.0	1.33e-02	1.27e-03	7.88e-04	9.99e-01	117033
   .1	1.33e-02	1.28e-03			9.98e-01
  5.0	1.33e-02	1.28e-03	7.88e-04	9.98e-01	119251
   .1	1.33e-02	1.29e-03			9.98e-01
  6.0	1.33e-02	1.29e-03	7.88e-04	9.98e-01	120393
   .1	1.33e-02	1.30e-03			9.98e-01
  7.0	1.33e-02	1.30e-03	7.88e-04	9.98e-01	121622
   .1	1.33e-02	1.31e-03			9.98e-01
  8.0	1.33e-02	1.31e-03	7.88e-04	9.98e-01	122194
   .1	1.33e-02	1.32e-03			9.97e-01
  9.0	1.33e-02	1.32e-03	7.88e-04	9.97e-01	124153
   .1	1.33e-02	1.33e-03			9.97e-01
 10.0	1.33e-02	1.33e-03	7.88e-04	9.97e-01	125053
   .1	1.33e-02	1.34e-03			9.97e-01
 11.0	1.33e-02	1.34e-03	7.88e-04	9.97e-01	125751
   .1	1.32e-02	1.35e-03			9.97e-01
 12.0	1.32e-02	1.35e-03	7.88e-04	9.97e-01	126710
   .1	1.32e-02	1.35e-03			9.97e-01
 13.0	1.32e-02	1.35e-03	7.88e-04	9.97e-01	126662
   .1	1.32e-02	1.36e-03			9.97e-01
 14.0	1.32e-02	1.36e-03	7.88e-04	9.97e-01	128503
   .1	1.32e-02	1.36e-03			9.96e-01
 15.0	1.32e-02	1.36e-03	7.88e-04	9.96e-01	129083
   .1	1.32e-02	1.37e-03			9.96e-01
 16.0	1.32e-02	1.37e-03	7.88e-04	9.96e-01	129924
   .1	1.32e-02	1.37e-03			9.96e-01
 17.0	1.32e-02	1.37e-03	7.88e-04	9.96e-01	130610
   .1	1.32e-02	1.38e-03			9.96e-01
 18.0	1.32e-02	1.38e-03	7.88e-04	9.96e-01	129653
   .1	1.32e-02	1.38e-03			9.96e-01
 19.0	1.32e-02	1.38e-03	7.88e-04	9.96e-01	132392
   .1	1.32e-02	1.38e-03			9.96e-01
 20.0	1.32e-02	1.38e-03	7.88e-04	9.96e-01	131923
   .1	1.32e-02	1.39e-03			9.96e-01
projGN iterated maxIter=20 times but reached only stepNorm of 0.09999999999999998 instead 0.001.


--- Inversion on [96, 48, 48] grid with wTVReg and alpha=0.0004893900918477494 --- 

 i.LS	       F	       R	alpha[1]	   Jc/J0	 #Active
  1.0	1.32e-02	8.63e-04	4.89e-04	1.00e+00	133589
   .1	1.32e-02	8.77e-04			9.99e-01
  2.0	1.32e-02	8.77e-04	4.89e-04	9.99e-01	139045
   .1	1.31e-02	8.90e-04			9.99e-01
  3.0	1.31e-02	8.90e-04	4.89e-04	9.99e-01	140752
   .1	1.31e-02	9.01e-04			9.98e-01
  4.0	1.31e-02	9.01e-04	4.89e-04	9.98e-01	142969
   .1	1.31e-02	9.13e-04			9.98e-01
  5.0	1.31e-02	9.13e-04	4.89e-04	9.98e-01	144509
   .1	1.31e-02	9.27e-04			9.98e-01
  6.0	1.31e-02	9.27e-04	4.89e-04	9.98e-01	146634
   .1	1.31e-02	9.41e-04			9.97e-01
  7.0	1.31e-02	9.41e-04	4.89e-04	9.97e-01	148033
   .1	1.30e-02	9.54e-04			9.97e-01
  8.0	1.30e-02	9.54e-04	4.89e-04	9.97e-01	149634
   .1	1.30e-02	9.66e-04			9.96e-01
  9.0	1.30e-02	9.66e-04	4.89e-04	9.96e-01	150903
   .1	1.30e-02	9.78e-04			9.96e-01
 10.0	1.30e-02	9.78e-04	4.89e-04	9.96e-01	152271
   .1	1.30e-02	9.86e-04			9.96e-01
 11.0	1.30e-02	9.86e-04	4.89e-04	9.96e-01	153061
   .1	1.30e-02	9.92e-04			9.96e-01
 12.0	1.30e-02	9.92e-04	4.89e-04	9.96e-01	153715
   .1	1.30e-02	9.97e-04			9.95e-01
 13.0	1.30e-02	9.97e-04	4.89e-04	9.95e-01	154172
   .1	1.30e-02	1.00e-03			9.95e-01
 14.0	1.30e-02	1.00e-03	4.89e-04	9.95e-01	154745
   .1	1.30e-02	1.01e-03			9.95e-01
 15.0	1.30e-02	1.01e-03	4.89e-04	9.95e-01	155058
   .1	1.30e-02	1.01e-03			9.95e-01
 16.0	1.30e-02	1.01e-03	4.89e-04	9.95e-01	155701
   .1	1.30e-02	1.01e-03			9.95e-01
 17.0	1.30e-02	1.01e-03	4.89e-04	9.95e-01	155528
   .1	1.30e-02	1.02e-03			9.95e-01
 18.0	1.30e-02	1.02e-03	4.89e-04	9.95e-01	156662
   .1	1.30e-02	1.02e-03			9.95e-01
 19.0	1.30e-02	1.02e-03	4.89e-04	9.95e-01	157129
   .1	1.29e-02	1.03e-03			9.95e-01
 20.0	1.29e-02	1.03e-03	4.89e-04	9.95e-01	158142
   .1	1.29e-02	1.04e-03			9.95e-01
projGN iterated maxIter=20 times but reached only stepNorm of 0.09999999999999998 instead 0.001.


--- Inversion on [96, 48, 48] grid with wTVReg and alpha=0.0003039195382313198 --- 

 i.LS	       F	       R	alpha[1]	   Jc/J0	 #Active
  1.0	1.29e-02	6.44e-04	3.04e-04	1.00e+00	158843
   .1	1.29e-02	6.58e-04			9.99e-01
  2.0	1.29e-02	6.58e-04	3.04e-04	9.99e-01	160943
   .1	1.29e-02	6.70e-04			9.99e-01
  3.0	1.29e-02	6.70e-04	3.04e-04	9.99e-01	162811
   .1	1.29e-02	6.81e-04			9.98e-01
  4.0	1.29e-02	6.81e-04	3.04e-04	9.98e-01	164253
   .1	1.29e-02	6.90e-04			9.98e-01
  5.0	1.29e-02	6.90e-04	3.04e-04	9.98e-01	165469
   .1	1.28e-02	7.01e-04			9.97e-01
  6.0	1.28e-02	7.01e-04	3.04e-04	9.97e-01	166843
   .1	1.28e-02	7.10e-04			9.97e-01
  7.0	1.28e-02	7.10e-04	3.04e-04	9.97e-01	167672
   .1	1.28e-02	7.18e-04			9.97e-01
  8.0	1.28e-02	7.18e-04	3.04e-04	9.97e-01	168488
   .1	1.28e-02	7.26e-04			9.96e-01
  9.0	1.28e-02	7.26e-04	3.04e-04	9.96e-01	169055
   .1	1.28e-02	7.33e-04			9.96e-01
 10.0	1.28e-02	7.33e-04	3.04e-04	9.96e-01	169829
   .1	1.28e-02	7.40e-04			9.96e-01
 11.0	1.28e-02	7.40e-04	3.04e-04	9.96e-01	170336
   .1	1.28e-02	7.45e-04			9.96e-01
 12.0	1.28e-02	7.45e-04	3.04e-04	9.96e-01	170870
   .1	1.28e-02	7.50e-04			9.96e-01
 13.0	1.28e-02	7.50e-04	3.04e-04	9.96e-01	171202
   .1	1.28e-02	7.55e-04			9.95e-01
 14.0	1.28e-02	7.55e-04	3.04e-04	9.95e-01	171715
   .1	1.28e-02	7.59e-04			9.95e-01
 15.0	1.28e-02	7.59e-04	3.04e-04	9.95e-01	172017
   .1	1.27e-02	7.63e-04			9.95e-01
 16.0	1.27e-02	7.63e-04	3.04e-04	9.95e-01	172473
   .1	1.27e-02	7.68e-04			9.95e-01
 17.0	1.27e-02	7.68e-04	3.04e-04	9.95e-01	173074
   .1	1.27e-02	7.73e-04			9.95e-01
 18.0	1.27e-02	7.73e-04	3.04e-04	9.95e-01	173586
   .1	1.27e-02	7.77e-04			9.95e-01
 19.0	1.27e-02	7.77e-04	3.04e-04	9.95e-01	173830
   .1	1.27e-02	7.81e-04			9.94e-01
 20.0	1.27e-02	7.81e-04	3.04e-04	9.94e-01	174322
   .1	1.27e-02	7.85e-04			9.94e-01
projGN iterated maxIter=20 times but reached only stepNorm of 0.09999999999999998 instead 0.001.


--- Inversion on [96, 48, 48] grid with wTVReg and alpha=0.00018873918221350977 --- 

 i.LS	       F	       R	alpha[1]	   Jc/J0	 #Active
  1.0	1.27e-02	4.87e-04	1.89e-04	1.00e+00	174760
   .1	1.27e-02	4.95e-04			1.00e+00
  2.0	1.27e-02	4.95e-04	1.89e-04	1.00e+00	175455
   .1	1.27e-02	5.01e-04			9.99e-01
  3.0	1.27e-02	5.01e-04	1.89e-04	9.99e-01	176107
   .1	1.27e-02	5.07e-04			9.99e-01
  4.0	1.27e-02	5.07e-04	1.89e-04	9.99e-01	176923
   .1	1.27e-02	5.12e-04			9.98e-01
  5.0	1.27e-02	5.12e-04	1.89e-04	9.98e-01	177559
   .1	1.27e-02	5.18e-04			9.98e-01
  6.0	1.27e-02	5.18e-04	1.89e-04	9.98e-01	178242
   .1	1.27e-02	5.23e-04			9.98e-01
  7.0	1.27e-02	5.23e-04	1.89e-04	9.98e-01	178869
   .1	1.26e-02	5.27e-04			9.98e-01
  8.0	1.26e-02	5.27e-04	1.89e-04	9.98e-01	179354
   .1	1.26e-02	5.30e-04			9.97e-01
  9.0	1.26e-02	5.30e-04	1.89e-04	9.97e-01	179850
   .1	1.26e-02	5.33e-04			9.97e-01
 10.0	1.26e-02	5.33e-04	1.89e-04	9.97e-01	180172
   .1	1.26e-02	5.36e-04			9.97e-01
 11.0	1.26e-02	5.36e-04	1.89e-04	9.97e-01	180580
   .1	1.26e-02	5.39e-04			9.97e-01
 12.0	1.26e-02	5.39e-04	1.89e-04	9.97e-01	180880
   .1	1.26e-02	5.43e-04			9.97e-01
 13.0	1.26e-02	5.43e-04	1.89e-04	9.97e-01	181545
   .1	1.26e-02	5.47e-04			9.96e-01
 14.0	1.26e-02	5.47e-04	1.89e-04	9.96e-01	181987
   .1	1.26e-02	5.51e-04			9.96e-01
 15.0	1.26e-02	5.51e-04	1.89e-04	9.96e-01	182488
   .1	1.26e-02	5.54e-04			9.96e-01
 16.0	1.26e-02	5.54e-04	1.89e-04	9.96e-01	182997
   .1	1.26e-02	5.58e-04			9.96e-01
 17.0	1.26e-02	5.58e-04	1.89e-04	9.96e-01	183510
   .1	1.26e-02	5.61e-04			9.96e-01
 18.0	1.26e-02	5.61e-04	1.89e-04	9.96e-01	183840
   .1	1.26e-02	5.64e-04			9.96e-01
 19.0	1.26e-02	5.64e-04	1.89e-04	9.96e-01	184228
   .1	1.26e-02	5.67e-04			9.96e-01
 20.0	1.26e-02	5.67e-04	1.89e-04	9.96e-01	184532
   .1	1.26e-02	5.69e-04			9.95e-01
projGN iterated maxIter=20 times but reached only stepNorm of 0.09797147165644782 instead 0.001.


--- Inversion on [96, 48, 48] grid with wTVReg and alpha=0.00011721022975334806 --- 

 i.LS	       F	       R	alpha[1]	   Jc/J0	 #Active
  1.0	1.26e-02	3.54e-04	1.17e-04	1.00e+00	184906
   .1	1.26e-02	3.57e-04			1.00e+00
  2.0	1.26e-02	3.57e-04	1.17e-04	1.00e+00	185157
   .1	1.26e-02	3.62e-04			9.99e-01
  3.0	1.26e-02	3.62e-04	1.17e-04	9.99e-01	185919
   .1	1.25e-02	3.66e-04			9.99e-01
  4.0	1.25e-02	3.66e-04	1.17e-04	9.99e-01	186566
   .1	1.25e-02	3.70e-04			9.99e-01
  5.0	1.25e-02	3.70e-04	1.17e-04	9.99e-01	187318
   .1	1.25e-02	3.74e-04			9.98e-01
  6.0	1.25e-02	3.74e-04	1.17e-04	9.98e-01	187872
   .1	1.25e-02	3.77e-04			9.98e-01
  7.0	1.25e-02	3.77e-04	1.17e-04	9.98e-01	188525
   .1	1.25e-02	3.79e-04			9.98e-01
  8.0	1.25e-02	3.79e-04	1.17e-04	9.98e-01	188955
   .1	1.25e-02	3.82e-04			9.98e-01
  9.0	1.25e-02	3.82e-04	1.17e-04	9.98e-01	189514
   .1	1.25e-02	3.84e-04			9.97e-01
 10.0	1.25e-02	3.84e-04	1.17e-04	9.97e-01	189928
   .1	1.25e-02	3.86e-04			9.97e-01
 11.0	1.25e-02	3.86e-04	1.17e-04	9.97e-01	190400
   .1	1.25e-02	3.88e-04			9.97e-01
 12.0	1.25e-02	3.88e-04	1.17e-04	9.97e-01	190821
   .1	1.25e-02	3.90e-04			9.97e-01
 13.0	1.25e-02	3.90e-04	1.17e-04	9.97e-01	191245
   .1	1.25e-02	3.92e-04			9.97e-01
 14.0	1.25e-02	3.92e-04	1.17e-04	9.97e-01	191595
   .1	1.25e-02	3.94e-04			9.97e-01
 15.0	1.25e-02	3.94e-04	1.17e-04	9.97e-01	191963
   .1	1.25e-02	3.97e-04			9.96e-01
 16.0	1.25e-02	3.97e-04	1.17e-04	9.96e-01	192717
   .1	1.25e-02	4.00e-04			9.96e-01
 17.0	1.25e-02	4.00e-04	1.17e-04	9.96e-01	193129
   .1	1.25e-02	4.02e-04			9.96e-01
 18.0	1.25e-02	4.02e-04	1.17e-04	9.96e-01	193643
   .1	1.25e-02	4.04e-04			9.96e-01
 19.0	1.25e-02	4.04e-04	1.17e-04	9.96e-01	194047
   .1	1.25e-02	4.06e-04			9.96e-01
 20.0	1.25e-02	4.06e-04	1.17e-04	9.96e-01	194406
   .1	1.25e-02	4.08e-04			9.96e-01
projGN iterated maxIter=20 times but reached only stepNorm of 0.09999999999999998 instead 0.001.


--- Inversion on [96, 48, 48] grid with wTVReg and alpha=7.278953843983146e-5 --- 

 i.LS	       F	       R	alpha[1]	   Jc/J0	 #Active
  1.0	1.25e-02	2.53e-04	7.28e-05	1.00e+00	194768
   .1	1.25e-02	2.55e-04			1.00e+00
  2.0	1.25e-02	2.55e-04	7.28e-05	1.00e+00	195138
   .1	1.25e-02	2.57e-04			1.00e+00
  3.0	1.25e-02	2.57e-04	7.28e-05	1.00e+00	195744
   .1	1.24e-02	2.59e-04			9.99e-01
  4.0	1.24e-02	2.59e-04	7.28e-05	9.99e-01	195996
   .1	1.24e-02	2.61e-04			9.99e-01
  5.0	1.24e-02	2.61e-04	7.28e-05	9.99e-01	196480
   .1	1.24e-02	2.62e-04			9.99e-01
  6.0	1.24e-02	2.62e-04	7.28e-05	9.99e-01	196703
   .1	1.24e-02	2.64e-04			9.99e-01
  7.0	1.24e-02	2.64e-04	7.28e-05	9.99e-01	197208
   .1	1.24e-02	2.65e-04			9.99e-01
  8.0	1.24e-02	2.65e-04	7.28e-05	9.99e-01	197461
   .1	1.24e-02	2.66e-04			9.98e-01
  9.0	1.24e-02	2.66e-04	7.28e-05	9.98e-01	197911
   .1	1.24e-02	2.68e-04			9.98e-01
 10.0	1.24e-02	2.68e-04	7.28e-05	9.98e-01	198198
   .1	1.24e-02	2.69e-04			9.98e-01
 11.0	1.24e-02	2.69e-04	7.28e-05	9.98e-01	198650
   .1	1.24e-02	2.71e-04			9.98e-01
 12.0	1.24e-02	2.71e-04	7.28e-05	9.98e-01	198980
   .1	1.24e-02	2.72e-04			9.98e-01
 13.0	1.24e-02	2.72e-04	7.28e-05	9.98e-01	199355
   .1	1.24e-02	2.73e-04			9.98e-01
 14.0	1.24e-02	2.73e-04	7.28e-05	9.98e-01	199650
   .1	1.24e-02	2.75e-04			9.98e-01
 15.0	1.24e-02	2.75e-04	7.28e-05	9.98e-01	200001
   .1	1.24e-02	2.76e-04			9.97e-01
 16.0	1.24e-02	2.76e-04	7.28e-05	9.97e-01	200244
   .1	1.24e-02	2.77e-04			9.97e-01
 17.0	1.24e-02	2.77e-04	7.28e-05	9.97e-01	200556
   .1	1.24e-02	2.78e-04			9.97e-01
 18.0	1.24e-02	2.78e-04	7.28e-05	9.97e-01	200843
   .1	1.24e-02	2.79e-04			9.97e-01
 19.0	1.24e-02	2.79e-04	7.28e-05	9.97e-01	201045
   .1	1.24e-02	2.81e-04			9.97e-01
 20.0	1.24e-02	2.81e-04	7.28e-05	9.97e-01	201226
   .1	1.24e-02	2.82e-04			9.97e-01
projGN iterated maxIter=20 times but reached only stepNorm of 0.09999999999999998 instead 0.001.


--- Inversion on [96, 48, 48] grid with wTVReg and alpha=4.520353656360241e-5 --- 

 i.LS	       F	       R	alpha[1]	   Jc/J0	 #Active
  1.0	1.24e-02	1.75e-04	4.52e-05	1.00e+00	201462
   .1	1.24e-02	1.76e-04			1.00e+00
  2.0	1.24e-02	1.76e-04	4.52e-05	1.00e+00	201642
   .1	1.24e-02	1.78e-04			1.00e+00
  3.0	1.24e-02	1.78e-04	4.52e-05	1.00e+00	202077
   .1	1.24e-02	1.79e-04			9.99e-01
  4.0	1.24e-02	1.79e-04	4.52e-05	9.99e-01	202504
   .1	1.24e-02	1.80e-04			9.99e-01
  5.0	1.24e-02	1.80e-04	4.52e-05	9.99e-01	202891
   .1	1.24e-02	1.82e-04			9.99e-01
  6.0	1.24e-02	1.82e-04	4.52e-05	9.99e-01	203278
   .1	1.24e-02	1.83e-04			9.99e-01
  7.0	1.24e-02	1.83e-04	4.52e-05	9.99e-01	203624
   .1	1.24e-02	1.83e-04			9.99e-01
  8.0	1.24e-02	1.83e-04	4.52e-05	9.99e-01	203923
   .1	1.24e-02	1.84e-04			9.99e-01
  9.0	1.24e-02	1.84e-04	4.52e-05	9.99e-01	204200
   .1	1.24e-02	1.85e-04			9.99e-01
 10.0	1.24e-02	1.85e-04	4.52e-05	9.99e-01	204414
   .1	1.24e-02	1.86e-04			9.98e-01
 11.0	1.24e-02	1.86e-04	4.52e-05	9.98e-01	204612
   .1	1.24e-02	1.86e-04			9.98e-01
 12.0	1.24e-02	1.86e-04	4.52e-05	9.98e-01	204867
   .1	1.24e-02	1.87e-04			9.98e-01
 13.0	1.24e-02	1.87e-04	4.52e-05	9.98e-01	205067
   .1	1.24e-02	1.87e-04			9.98e-01
 14.0	1.24e-02	1.87e-04	4.52e-05	9.98e-01	205352
   .1	1.24e-02	1.88e-04			9.98e-01
 15.0	1.24e-02	1.88e-04	4.52e-05	9.98e-01	205542
   .1	1.24e-02	1.89e-04			9.98e-01
 16.0	1.24e-02	1.89e-04	4.52e-05	9.98e-01	205848
   .1	1.24e-02	1.89e-04			9.98e-01
 17.0	1.24e-02	1.89e-04	4.52e-05	9.98e-01	206011
   .1	1.24e-02	1.90e-04			9.98e-01
 18.0	1.24e-02	1.90e-04	4.52e-05	9.98e-01	206283
   .1	1.24e-02	1.91e-04			9.98e-01
 19.0	1.24e-02	1.91e-04	4.52e-05	9.98e-01	206582
   .1	1.24e-02	1.92e-04			9.98e-01
 20.0	1.24e-02	1.92e-04	4.52e-05	9.98e-01	206903
   .1	1.23e-02	1.92e-04			9.98e-01
projGN iterated maxIter=20 times but reached only stepNorm of 0.09999999999999998 instead 0.001.


--- Inversion on [96, 48, 48] grid with wTVReg and alpha=2.8072162039411757e-5 --- 

 i.LS	       F	       R	alpha[1]	   Jc/J0	 #Active
  1.0	1.23e-02	1.19e-04	2.81e-05	1.00e+00	207153
   .1	1.23e-02	1.20e-04			1.00e+00
  2.0	1.23e-02	1.20e-04	2.81e-05	1.00e+00	207368
   .1	1.23e-02	1.21e-04			1.00e+00
  3.0	1.23e-02	1.21e-04	2.81e-05	1.00e+00	207515
   .1	1.23e-02	1.21e-04			1.00e+00
  4.0	1.23e-02	1.21e-04	2.81e-05	1.00e+00	207698
   .1	1.23e-02	1.22e-04			1.00e+00
  5.0	1.23e-02	1.22e-04	2.81e-05	1.00e+00	207928
   .1	1.23e-02	1.22e-04			9.99e-01
  6.0	1.23e-02	1.22e-04	2.81e-05	9.99e-01	208133
   .1	1.23e-02	1.23e-04			9.99e-01
  7.0	1.23e-02	1.23e-04	2.81e-05	9.99e-01	208337
   .1	1.23e-02	1.23e-04			9.99e-01
  8.0	1.23e-02	1.23e-04	2.81e-05	9.99e-01	208489
   .1	1.23e-02	1.23e-04			9.99e-01
  9.0	1.23e-02	1.23e-04	2.81e-05	9.99e-01	208628
   .1	1.23e-02	1.24e-04			9.99e-01
 10.0	1.23e-02	1.24e-04	2.81e-05	9.99e-01	208734
   .1	1.23e-02	1.24e-04			9.99e-01
 11.0	1.23e-02	1.24e-04	2.81e-05	9.99e-01	208863
   .1	1.23e-02	1.24e-04			9.99e-01
 12.0	1.23e-02	1.24e-04	2.81e-05	9.99e-01	208974
   .1	1.23e-02	1.25e-04			9.99e-01
 13.0	1.23e-02	1.25e-04	2.81e-05	9.99e-01	209074
   .1	1.23e-02	1.25e-04			9.99e-01
 14.0	1.23e-02	1.25e-04	2.81e-05	9.99e-01	209285
   .1	1.23e-02	1.26e-04			9.99e-01
 15.0	1.23e-02	1.26e-04	2.81e-05	9.99e-01	209465
   .1	1.23e-02	1.26e-04			9.99e-01
 16.0	1.23e-02	1.26e-04	2.81e-05	9.99e-01	209583
   .1	1.23e-02	1.26e-04			9.99e-01
 17.0	1.23e-02	1.26e-04	2.81e-05	9.99e-01	209716
   .1	1.23e-02	1.27e-04			9.99e-01
 18.0	1.23e-02	1.27e-04	2.81e-05	9.99e-01	209752
   .1	1.23e-02	1.27e-04			9.99e-01
 19.0	1.23e-02	1.27e-04	2.81e-05	9.99e-01	209853
   .1	1.23e-02	1.27e-04			9.99e-01
 20.0	1.23e-02	1.27e-04	2.81e-05	9.99e-01	209913
   .1	1.23e-02	1.28e-04			9.99e-01
projGN iterated maxIter=20 times but reached only stepNorm of 0.10000000000000003 instead 0.001.


--- Inversion on [96, 48, 48] grid with wTVReg and alpha=1.7433288221999873e-5 --- 

 i.LS	       F	       R	alpha[1]	   Jc/J0	 #Active
  1.0	1.23e-02	7.92e-05	1.74e-05	1.00e+00	210106
   .1	1.23e-02	7.96e-05			1.00e+00
  2.0	1.23e-02	7.96e-05	1.74e-05	1.00e+00	210185
   .1	1.23e-02	7.99e-05			1.00e+00
  3.0	1.23e-02	7.99e-05	1.74e-05	1.00e+00	210280
   .1	1.23e-02	8.02e-05			1.00e+00
  4.0	1.23e-02	8.02e-05	1.74e-05	1.00e+00	210461
   .1	1.23e-02	8.05e-05			1.00e+00
  5.0	1.23e-02	8.05e-05	1.74e-05	1.00e+00	210616
   .1	1.23e-02	8.08e-05			1.00e+00
  6.0	1.23e-02	8.08e-05	1.74e-05	1.00e+00	210778
   .1	1.23e-02	8.10e-05			1.00e+00
  7.0	1.23e-02	8.10e-05	1.74e-05	1.00e+00	210900
   .1	1.23e-02	8.13e-05			1.00e+00
  8.0	1.23e-02	8.13e-05	1.74e-05	1.00e+00	211094
   .1	1.23e-02	8.15e-05			1.00e+00
  9.0	1.23e-02	8.15e-05	1.74e-05	1.00e+00	211151
   .1	1.23e-02	8.17e-05			9.99e-01
 10.0	1.23e-02	8.17e-05	1.74e-05	9.99e-01	211271
   .1	1.23e-02	8.19e-05			9.99e-01
 11.0	1.23e-02	8.19e-05	1.74e-05	9.99e-01	211331
   .1	1.23e-02	8.21e-05			9.99e-01
 12.0	1.23e-02	8.21e-05	1.74e-05	9.99e-01	211461
   .1	1.23e-02	8.23e-05			9.99e-01
 13.0	1.23e-02	8.23e-05	1.74e-05	9.99e-01	211503
   .1	1.23e-02	8.24e-05			9.99e-01
 14.0	1.23e-02	8.24e-05	1.74e-05	9.99e-01	211607
   .1	1.23e-02	8.25e-05			9.99e-01
 15.0	1.23e-02	8.25e-05	1.74e-05	9.99e-01	211601
   .1	1.23e-02	8.26e-05			9.99e-01
 16.0	1.23e-02	8.26e-05	1.74e-05	9.99e-01	211673
   .1	1.23e-02	8.27e-05			9.99e-01
 17.0	1.23e-02	8.27e-05	1.74e-05	9.99e-01	211670
   .1	1.23e-02	8.28e-05			9.99e-01
 18.0	1.23e-02	8.28e-05	1.74e-05	9.99e-01	211726
   .1	1.23e-02	8.29e-05			9.99e-01
 19.0	1.23e-02	8.29e-05	1.74e-05	9.99e-01	211704
   .1	1.23e-02	8.29e-05			9.99e-01
 20.0	1.23e-02	8.29e-05	1.74e-05	9.99e-01	211742
   .1	1.23e-02	8.30e-05			9.99e-01
projGN iterated maxIter=20 times but reached only stepNorm of 0.1 instead 0.001.


--- Inversion on [96, 48, 48] grid with wTVReg and alpha=1.082636733874054e-5 --- 

 i.LS	       F	       R	alpha[1]	   Jc/J0	 #Active
  1.0	1.23e-02	5.16e-05	1.08e-05	1.00e+00	211761
   .1	1.23e-02	5.16e-05			1.00e+00
  2.0	1.23e-02	5.16e-05	1.08e-05	1.00e+00	211690
   .1	1.23e-02	5.18e-05			1.00e+00
  3.0	1.23e-02	5.18e-05	1.08e-05	1.00e+00	211621
   .1	1.23e-02	5.20e-05			1.00e+00
  4.0	1.23e-02	5.20e-05	1.08e-05	1.00e+00	211726
   .1	1.23e-02	5.21e-05			1.00e+00
  5.0	1.23e-02	5.21e-05	1.08e-05	1.00e+00	211825
   .1	1.23e-02	5.23e-05			1.00e+00
  6.0	1.23e-02	5.23e-05	1.08e-05	1.00e+00	211962
   .1	1.23e-02	5.24e-05			1.00e+00
  7.0	1.23e-02	5.24e-05	1.08e-05	1.00e+00	212001
   .1	1.23e-02	5.25e-05			1.00e+00
  8.0	1.23e-02	5.25e-05	1.08e-05	1.00e+00	212111
   .1	1.23e-02	5.26e-05			1.00e+00
  9.0	1.23e-02	5.26e-05	1.08e-05	1.00e+00	212093
   .1	1.23e-02	5.27e-05			1.00e+00
 10.0	1.23e-02	5.27e-05	1.08e-05	1.00e+00	212188
   .1	1.23e-02	5.29e-05			1.00e+00
 11.0	1.23e-02	5.29e-05	1.08e-05	1.00e+00	212206
   .1	1.23e-02	5.30e-05			1.00e+00
 12.0	1.23e-02	5.30e-05	1.08e-05	1.00e+00	212347
   .1	1.23e-02	5.31e-05			1.00e+00
 13.0	1.23e-02	5.31e-05	1.08e-05	1.00e+00	212367
   .1	1.23e-02	5.32e-05			1.00e+00
 14.0	1.23e-02	5.32e-05	1.08e-05	1.00e+00	212407
   .1	1.23e-02	5.33e-05			1.00e+00
 15.0	1.23e-02	5.33e-05	1.08e-05	1.00e+00	212330
   .1	1.23e-02	5.34e-05			9.99e-01
 16.0	1.23e-02	5.34e-05	1.08e-05	9.99e-01	212340
   .1	1.23e-02	5.35e-05			9.99e-01
 17.0	1.23e-02	5.35e-05	1.08e-05	9.99e-01	212358
   .1	1.23e-02	5.36e-05			9.99e-01
 18.0	1.23e-02	5.36e-05	1.08e-05	9.99e-01	212394
   .1	1.23e-02	5.36e-05			9.99e-01
 19.0	1.23e-02	5.36e-05	1.08e-05	9.99e-01	212434
   .1	1.23e-02	5.37e-05			9.99e-01
 20.0	1.23e-02	5.37e-05	1.08e-05	9.99e-01	212457
   .1	1.23e-02	5.38e-05			9.99e-01
projGN iterated maxIter=20 times but reached only stepNorm of 0.09999999999999998 instead 0.001.


--- Inversion on [96, 48, 48] grid with wTVReg and alpha=6.723357536499335e-6 --- 

 i.LS	       F	       R	alpha[1]	   Jc/J0	 #Active
  1.0	1.23e-02	3.34e-05	6.72e-06	1.00e+00	212521
   .1	1.23e-02	3.35e-05			1.00e+00
  2.0	1.23e-02	3.35e-05	6.72e-06	1.00e+00	212389
   .1	1.23e-02	3.35e-05			1.00e+00
  3.0	1.23e-02	3.35e-05	6.72e-06	1.00e+00	212369
   .1	1.23e-02	3.36e-05			1.00e+00
  4.0	1.23e-02	3.36e-05	6.72e-06	1.00e+00	212454
   .1	1.23e-02	3.37e-05			1.00e+00
  5.0	1.23e-02	3.37e-05	6.72e-06	1.00e+00	212496
   .1	1.23e-02	3.38e-05			1.00e+00
  6.0	1.23e-02	3.38e-05	6.72e-06	1.00e+00	212605
   .1	1.23e-02	3.38e-05			1.00e+00
  7.0	1.23e-02	3.38e-05	6.72e-06	1.00e+00	212677
   .1	1.23e-02	3.39e-05			1.00e+00
  8.0	1.23e-02	3.39e-05	6.72e-06	1.00e+00	212738
   .1	1.23e-02	3.39e-05			1.00e+00
  9.0	1.23e-02	3.39e-05	6.72e-06	1.00e+00	212786
   .1	1.23e-02	3.40e-05			1.00e+00
 10.0	1.23e-02	3.40e-05	6.72e-06	1.00e+00	212839
   .1	1.23e-02	3.40e-05			1.00e+00
 11.0	1.23e-02	3.40e-05	6.72e-06	1.00e+00	212889
   .1	1.23e-02	3.41e-05			1.00e+00
 12.0	1.23e-02	3.41e-05	6.72e-06	1.00e+00	212895
   .1	1.23e-02	3.41e-05			1.00e+00
 13.0	1.23e-02	3.41e-05	6.72e-06	1.00e+00	212933
   .1	1.23e-02	3.41e-05			1.00e+00
 14.0	1.23e-02	3.41e-05	6.72e-06	1.00e+00	212947
   .1	1.23e-02	3.41e-05			1.00e+00
 15.0	1.23e-02	3.41e-05	6.72e-06	1.00e+00	212973
   .1	1.23e-02	3.41e-05			1.00e+00
 16.0	1.23e-02	3.41e-05	6.72e-06	1.00e+00	212944
   .1	1.23e-02	3.42e-05			1.00e+00
 17.0	1.23e-02	3.42e-05	6.72e-06	1.00e+00	212977
   .1	1.23e-02	3.42e-05			1.00e+00
 18.0	1.23e-02	3.42e-05	6.72e-06	1.00e+00	212986
   .1	1.23e-02	3.42e-05			1.00e+00
 19.0	1.23e-02	3.42e-05	6.72e-06	1.00e+00	212999
   .1	1.23e-02	3.43e-05			1.00e+00
 20.0	1.23e-02	3.43e-05	6.72e-06	1.00e+00	213000
   .1	1.23e-02	3.43e-05			1.00e+00
projGN iterated maxIter=20 times but reached only stepNorm of 0.08549699900451099 instead 0.001.


--- Inversion on [96, 48, 48] grid with wTVReg and alpha=4.1753189365604e-6 --- 

 i.LS	       F	       R	alpha[1]	   Jc/J0	 #Active
  1.0	1.23e-02	2.13e-05	4.18e-06	1.00e+00	212997
   .1	1.23e-02	2.14e-05			1.00e+00
  2.0	1.23e-02	2.14e-05	4.18e-06	1.00e+00	212873
   .1	1.23e-02	2.14e-05			1.00e+00
  3.0	1.23e-02	2.14e-05	4.18e-06	1.00e+00	212766
   .1	1.23e-02	2.14e-05			1.00e+00
  4.0	1.23e-02	2.14e-05	4.18e-06	1.00e+00	212711
   .1	1.23e-02	2.15e-05			1.00e+00
  5.0	1.23e-02	2.15e-05	4.18e-06	1.00e+00	212675
   .1	1.23e-02	2.15e-05			1.00e+00
  6.0	1.23e-02	2.15e-05	4.18e-06	1.00e+00	212579
   .1	1.23e-02	2.15e-05			1.00e+00
  7.0	1.23e-02	2.15e-05	4.18e-06	1.00e+00	212550
   .1	1.23e-02	2.15e-05			1.00e+00
  8.0	1.23e-02	2.15e-05	4.18e-06	1.00e+00	212498
   .1	1.23e-02	2.16e-05			1.00e+00
  9.0	1.23e-02	2.16e-05	4.18e-06	1.00e+00	212401
   .1	1.23e-02	2.16e-05			1.00e+00
 10.0	1.23e-02	2.16e-05	4.18e-06	1.00e+00	212381
   .1	1.23e-02	2.16e-05			1.00e+00
 11.0	1.23e-02	2.16e-05	4.18e-06	1.00e+00	212371
   .1	1.23e-02	2.16e-05			1.00e+00
 12.0	1.23e-02	2.16e-05	4.18e-06	1.00e+00	212341
   .1	1.23e-02	2.16e-05			1.00e+00
 13.0	1.23e-02	2.16e-05	4.18e-06	1.00e+00	212342
   .1	1.23e-02	2.16e-05			1.00e+00
 14.0	1.23e-02	2.16e-05	4.18e-06	1.00e+00	212340
   .1	1.23e-02	2.16e-05			1.00e+00
 15.0	1.23e-02	2.16e-05	4.18e-06	1.00e+00	212345
   .1	1.23e-02	2.17e-05			1.00e+00
 16.0	1.23e-02	2.17e-05	4.18e-06	1.00e+00	212323
   .1	1.23e-02	2.17e-05			1.00e+00
 17.0	1.23e-02	2.17e-05	4.18e-06	1.00e+00	212329
   .1	1.23e-02	2.17e-05			1.00e+00
 18.0	1.23e-02	2.17e-05	4.18e-06	1.00e+00	212408
   .1	1.23e-02	2.17e-05			1.00e+00
 19.0	1.23e-02	2.17e-05	4.18e-06	1.00e+00	212362
   .1	1.23e-02	2.18e-05			1.00e+00
 20.0	1.23e-02	2.18e-05	4.18e-06	1.00e+00	212279
   .1	1.23e-02	2.18e-05			1.00e+00
projGN iterated maxIter=20 times but reached only stepNorm of 0.09999999999999998 instead 0.001.


--- Inversion on [96, 48, 48] grid with wTVReg and alpha=2.592943797404667e-6 --- 

 i.LS	       F	       R	alpha[1]	   Jc/J0	 #Active
  1.0	1.23e-02	1.35e-05	2.59e-06	1.00e+00	212194
   .1	1.23e-02	1.35e-05			1.00e+00
  2.0	1.23e-02	1.35e-05	2.59e-06	1.00e+00	212096
   .1	1.23e-02	1.35e-05			1.00e+00
  3.0	1.23e-02	1.35e-05	2.59e-06	1.00e+00	211999
   .1	1.23e-02	1.35e-05			1.00e+00
  4.0	1.23e-02	1.35e-05	2.59e-06	1.00e+00	211953
   .1	1.23e-02	1.36e-05			1.00e+00
  5.0	1.23e-02	1.36e-05	2.59e-06	1.00e+00	211936
   .1	1.23e-02	1.36e-05			1.00e+00
  6.0	1.23e-02	1.36e-05	2.59e-06	1.00e+00	211887
   .1	1.23e-02	1.36e-05			1.00e+00
  7.0	1.23e-02	1.36e-05	2.59e-06	1.00e+00	211883
   .1	1.23e-02	1.36e-05			1.00e+00
  8.0	1.23e-02	1.36e-05	2.59e-06	1.00e+00	211880
   .1	1.23e-02	1.36e-05			1.00e+00
  9.0	1.23e-02	1.36e-05	2.59e-06	1.00e+00	211849
   .1	1.23e-02	1.36e-05			1.00e+00
 10.0	1.23e-02	1.36e-05	2.59e-06	1.00e+00	211835
   .1	1.23e-02	1.36e-05			1.00e+00
 11.0	1.23e-02	1.36e-05	2.59e-06	1.00e+00	211818
   .1	1.23e-02	1.36e-05			1.00e+00
 12.0	1.23e-02	1.36e-05	2.59e-06	1.00e+00	211824
   .1	1.23e-02	1.36e-05			1.00e+00
 13.0	1.23e-02	1.36e-05	2.59e-06	1.00e+00	211806
   .1	1.23e-02	1.36e-05			1.00e+00
 14.0	1.23e-02	1.36e-05	2.59e-06	1.00e+00	211822
   .1	1.23e-02	1.36e-05			1.00e+00
 15.0	1.23e-02	1.36e-05	2.59e-06	1.00e+00	211799
   .1	1.23e-02	1.37e-05			1.00e+00
 16.0	1.23e-02	1.37e-05	2.59e-06	1.00e+00	211805
   .1	1.23e-02	1.37e-05			1.00e+00
 17.0	1.23e-02	1.37e-05	2.59e-06	1.00e+00	211837
   .1	1.23e-02	1.37e-05			1.00e+00
 18.0	1.23e-02	1.37e-05	2.59e-06	1.00e+00	211840
   .1	1.23e-02	1.37e-05			1.00e+00
 19.0	1.23e-02	1.37e-05	2.59e-06	1.00e+00	211874
   .1	1.23e-02	1.37e-05			1.00e+00
 20.0	1.23e-02	1.37e-05	2.59e-06	1.00e+00	211875
   .1	1.23e-02	1.37e-05			1.00e+00
projGN iterated maxIter=20 times but reached only stepNorm of 0.09999999999999998 instead 0.001.


--- Inversion on [96, 48, 48] grid with wTVReg and alpha=1.6102620275609392e-6 --- 

 i.LS	       F	       R	alpha[1]	   Jc/J0	 #Active
  1.0	1.23e-02	8.50e-06	1.61e-06	1.00e+00	211907
   .1	1.23e-02	8.51e-06			1.00e+00
  2.0	1.23e-02	8.51e-06	1.61e-06	1.00e+00	211900
   .1	1.23e-02	8.52e-06			1.00e+00
  3.0	1.23e-02	8.52e-06	1.61e-06	1.00e+00	211908
   .1	1.23e-02	8.52e-06			1.00e+00
  4.0	1.23e-02	8.52e-06	1.61e-06	1.00e+00	211892
   .1	1.23e-02	8.53e-06			1.00e+00
  5.0	1.23e-02	8.53e-06	1.61e-06	1.00e+00	211902
   .1	1.23e-02	8.53e-06			1.00e+00
  6.0	1.23e-02	8.53e-06	1.61e-06	1.00e+00	211912
   .1	1.23e-02	8.54e-06			1.00e+00
  7.0	1.23e-02	8.54e-06	1.61e-06	1.00e+00	211914
   .1	1.23e-02	8.54e-06			1.00e+00
  8.0	1.23e-02	8.54e-06	1.61e-06	1.00e+00	211907
   .1	1.23e-02	8.55e-06			1.00e+00
  9.0	1.23e-02	8.55e-06	1.61e-06	1.00e+00	211938
   .1	1.23e-02	8.55e-06			1.00e+00
 10.0	1.23e-02	8.55e-06	1.61e-06	1.00e+00	211930
   .1	1.23e-02	8.56e-06			1.00e+00
 11.0	1.23e-02	8.56e-06	1.61e-06	1.00e+00	211962
   .1	1.23e-02	8.56e-06			1.00e+00
 12.0	1.23e-02	8.56e-06	1.61e-06	1.00e+00	211976
   .1	1.23e-02	8.57e-06			1.00e+00
 13.0	1.23e-02	8.57e-06	1.61e-06	1.00e+00	211998
   .1	1.23e-02	8.57e-06			1.00e+00
 14.0	1.23e-02	8.57e-06	1.61e-06	1.00e+00	211975
   .1	1.23e-02	8.58e-06			1.00e+00
 15.0	1.23e-02	8.58e-06	1.61e-06	1.00e+00	212058
   .1	1.23e-02	8.58e-06			1.00e+00
 16.0	1.23e-02	8.58e-06	1.61e-06	1.00e+00	212034
   .1	1.23e-02	8.59e-06			1.00e+00
 17.0	1.23e-02	8.59e-06	1.61e-06	1.00e+00	212116
   .1	1.23e-02	8.59e-06			1.00e+00
 18.0	1.23e-02	8.59e-06	1.61e-06	1.00e+00	212158
   .1	1.23e-02	8.60e-06			1.00e+00
 19.0	1.23e-02	8.60e-06	1.61e-06	1.00e+00	212226
   .1	1.23e-02	8.60e-06			1.00e+00
 20.0	1.23e-02	8.60e-06	1.61e-06	1.00e+00	212272
   .1	1.23e-02	8.61e-06			1.00e+00
projGN iterated maxIter=20 times but reached only stepNorm of 0.09999999999999998 instead 0.001.


--- Inversion on [96, 48, 48] grid with wTVReg and alpha=1.0e-6 --- 

 i.LS	       F	       R	alpha[1]	   Jc/J0	 #Active
  1.0	1.23e-02	5.35e-06	1.00e-06	1.00e+00	212319
   .1	1.23e-02	5.35e-06			1.00e+00
  2.0	1.23e-02	5.35e-06	1.00e-06	1.00e+00	212355
   .1	1.23e-02	5.35e-06			1.00e+00
  3.0	1.23e-02	5.35e-06	1.00e-06	1.00e+00	212392
   .1	1.23e-02	5.36e-06			1.00e+00
  4.0	1.23e-02	5.36e-06	1.00e-06	1.00e+00	212377
   .1	1.23e-02	5.36e-06			1.00e+00
  5.0	1.23e-02	5.36e-06	1.00e-06	1.00e+00	212428
   .1	1.23e-02	5.36e-06			1.00e+00
  6.0	1.23e-02	5.36e-06	1.00e-06	1.00e+00	212405
   .1	1.23e-02	5.37e-06			1.00e+00
  7.0	1.23e-02	5.37e-06	1.00e-06	1.00e+00	212501
   .1	1.23e-02	5.37e-06			1.00e+00
  8.0	1.23e-02	5.37e-06	1.00e-06	1.00e+00	212479
   .1	1.23e-02	5.37e-06			1.00e+00
  9.0	1.23e-02	5.37e-06	1.00e-06	1.00e+00	212554
   .1	1.23e-02	5.38e-06			1.00e+00
 10.0	1.23e-02	5.38e-06	1.00e-06	1.00e+00	212522
   .1	1.23e-02	5.38e-06			1.00e+00
 11.0	1.23e-02	5.38e-06	1.00e-06	1.00e+00	212598
   .1	1.23e-02	5.38e-06			1.00e+00
 12.0	1.23e-02	5.38e-06	1.00e-06	1.00e+00	212572
   .1	1.23e-02	5.39e-06			1.00e+00
 13.0	1.23e-02	5.39e-06	1.00e-06	1.00e+00	212633
   .1	1.23e-02	5.39e-06			1.00e+00
 14.0	1.23e-02	5.39e-06	1.00e-06	1.00e+00	212604
   .1	1.23e-02	5.39e-06			1.00e+00
 15.0	1.23e-02	5.39e-06	1.00e-06	1.00e+00	212656
   .1	1.23e-02	5.40e-06			1.00e+00
 16.0	1.23e-02	5.40e-06	1.00e-06	1.00e+00	212631
   .1	1.23e-02	5.40e-06			1.00e+00
 17.0	1.23e-02	5.40e-06	1.00e-06	1.00e+00	212679
   .1	1.23e-02	5.40e-06			1.00e+00
 18.0	1.23e-02	5.40e-06	1.00e-06	1.00e+00	212681
   .1	1.23e-02	5.41e-06			1.00e+00
 19.0	1.23e-02	5.41e-06	1.00e-06	1.00e+00	212714
   .1	1.23e-02	5.41e-06			1.00e+00
 20.0	1.23e-02	5.41e-06	1.00e-06	1.00e+00	212702
   .1	1.23e-02	5.41e-06			1.00e+00
projGN iterated maxIter=20 times but reached only stepNorm of 0.09999999999999998 instead 0.001.

 no PDE solves: 	30892

 overall runtime: 2868.007146956
