

--- Inversion on [256, 128] grid with wTVReg and alpha=1.0 --- 

 i.LS	       F	       R	alpha[1]	   Jc/J0	 #Active
  1.0	7.06e-01	4.23e-01	1.00e+00	1.00e+00	  0
   .1	7.06e-01	4.22e-01			9.99e-01
  2.0	7.06e-01	4.22e-01	1.00e+00	9.99e-01	  0
   .1	7.04e-01	4.22e-01			9.97e-01
  3.0	7.04e-01	4.22e-01	1.00e+00	9.97e-01	  0
   .1	7.02e-01	4.22e-01			9.95e-01
  4.0	7.02e-01	4.22e-01	1.00e+00	9.95e-01	  0
   .1	6.98e-01	4.22e-01			9.92e-01
  5.0	6.98e-01	4.22e-01	1.00e+00	9.92e-01	  0
   .1	6.91e-01	4.23e-01			9.86e-01
  6.0	6.91e-01	4.23e-01	1.00e+00	9.86e-01	  0
   .1	6.79e-01	4.24e-01			9.77e-01
  7.0	6.79e-01	4.24e-01	1.00e+00	9.77e-01	  0
   .1	6.64e-01	4.27e-01			9.66e-01
  8.0	6.64e-01	4.27e-01	1.00e+00	9.66e-01	  0
   .1	6.46e-01	4.31e-01			9.53e-01
  9.0	6.46e-01	4.31e-01	1.00e+00	9.53e-01	  0
   .1	6.22e-01	4.35e-01			9.36e-01
 10.0	6.22e-01	4.35e-01	1.00e+00	9.36e-01	  0
   .1	5.93e-01	4.40e-01			9.15e-01
 11.0	5.93e-01	4.40e-01	1.00e+00	9.15e-01	  0
   .1	5.68e-01	4.45e-01			8.96e-01
 12.0	5.68e-01	4.45e-01	1.00e+00	8.96e-01	  0
   .1	5.48e-01	4.49e-01			8.83e-01
 13.0	5.48e-01	4.49e-01	1.00e+00	8.83e-01	  0
   .1	5.34e-01	4.53e-01			8.74e-01
 14.0	5.34e-01	4.53e-01	1.00e+00	8.74e-01	  0
   .1	5.25e-01	4.54e-01			8.67e-01
 15.0	5.25e-01	4.54e-01	1.00e+00	8.67e-01	  0
   .1	5.10e-01	4.57e-01			8.57e-01
 16.0	5.10e-01	4.57e-01	1.00e+00	8.57e-01	  0
   .1	4.96e-01	4.60e-01			8.47e-01
 17.0	4.96e-01	4.60e-01	1.00e+00	8.47e-01	  0
   .1	4.86e-01	4.60e-01			8.38e-01
 18.0	4.86e-01	4.60e-01	1.00e+00	8.38e-01	  0
   .1	4.79e-01	4.58e-01			8.30e-01
 19.0	4.79e-01	4.58e-01	1.00e+00	8.30e-01	  0
   .1	4.71e-01	4.58e-01			8.22e-01
 20.0	4.71e-01	4.58e-01	1.00e+00	8.22e-01	  0
   .1	4.65e-01	4.57e-01			8.16e-01
projGN iterated maxIter=20 times but reached only stepNorm of 0.007119126887491084 instead 0.001.


--- Inversion on [256, 128] grid with wTVReg and alpha=0.6210169418915615 --- 

 i.LS	       F	       R	alpha[1]	   Jc/J0	 #Active
  1.0	4.65e-01	2.84e-01	6.21e-01	1.00e+00	  0
   .1	4.28e-01	2.99e-01			9.72e-01
  2.0	4.28e-01	2.99e-01	6.21e-01	9.72e-01	  0
   .1	4.03e-01	3.06e-01			9.47e-01
  3.0	4.03e-01	3.06e-01	6.21e-01	9.47e-01	  0
   .1	3.23e-01	3.39e-01			8.84e-01
  4.0	3.23e-01	3.39e-01	6.21e-01	8.84e-01	  0
   .1	2.78e-01	3.52e-01			8.42e-01
  5.0	2.78e-01	3.52e-01	6.21e-01	8.42e-01	  0
   .1	2.38e-01	3.68e-01			8.10e-01
  6.0	2.38e-01	3.68e-01	6.21e-01	8.10e-01	  0
   .1	2.23e-01	3.69e-01			7.91e-01
  7.0	2.23e-01	3.69e-01	6.21e-01	7.91e-01	  0
   .1	2.02e-01	3.77e-01			7.72e-01
  8.0	2.02e-01	3.77e-01	6.21e-01	7.72e-01	  0
   .1	1.98e-01	3.69e-01			7.57e-01
  9.0	1.98e-01	3.69e-01	6.21e-01	7.57e-01	  0
   .1	1.87e-01	3.72e-01			7.47e-01
 10.0	1.87e-01	3.72e-01	6.21e-01	7.47e-01	  0
   .1	1.86e-01	3.69e-01			7.41e-01
 11.0	1.86e-01	3.69e-01	6.21e-01	7.41e-01	  0
   .1	1.80e-01	3.72e-01			7.37e-01
 12.0	1.80e-01	3.72e-01	6.21e-01	7.37e-01	  0
   .1	1.79e-01	3.71e-01			7.35e-01
 13.0	1.79e-01	3.71e-01	6.21e-01	7.35e-01	  0
   .1	1.76e-01	3.73e-01			7.34e-01
 14.0	1.76e-01	3.73e-01	6.21e-01	7.34e-01	  0
   .1	1.76e-01	3.73e-01			7.32e-01
 15.0	1.76e-01	3.73e-01	6.21e-01	7.32e-01	  0
   .1	1.74e-01	3.73e-01			7.31e-01
 16.0	1.74e-01	3.73e-01	6.21e-01	7.31e-01	  0
   .1	1.74e-01	3.73e-01			7.31e-01
 17.0	1.74e-01	3.73e-01	6.21e-01	7.31e-01	  0
   .1	1.73e-01	3.73e-01			7.30e-01
 18.0	1.73e-01	3.73e-01	6.21e-01	7.30e-01	  0
   .1	1.73e-01	3.73e-01			7.29e-01
 19.0	1.73e-01	3.73e-01	6.21e-01	7.29e-01	  0
   .1	1.73e-01	3.73e-01			7.29e-01
 20.0	1.73e-01	3.73e-01	6.21e-01	7.29e-01	  0
   .1	1.72e-01	3.73e-01			7.28e-01
projGN iterated maxIter=20 times but reached only stepNorm of 0.002206313732640894 instead 0.001.


--- Inversion on [256, 128] grid with wTVReg and alpha=0.3856620421163472 --- 

 i.LS	       F	       R	alpha[1]	   Jc/J0	 #Active
  1.0	1.72e-01	2.32e-01	3.86e-01	1.00e+00	  0
   .1	1.68e-01	2.35e-01			9.96e-01
  2.0	1.68e-01	2.35e-01	3.86e-01	9.96e-01	  0
   .1	1.63e-01	2.37e-01			9.92e-01
  3.0	1.63e-01	2.37e-01	3.86e-01	9.92e-01	  0
   .1	1.61e-01	2.38e-01			9.90e-01
  4.0	1.61e-01	2.38e-01	3.86e-01	9.90e-01	  0
   .1	1.59e-01	2.40e-01			9.87e-01
  5.0	1.59e-01	2.40e-01	3.86e-01	9.87e-01	  0
   .1	1.57e-01	2.41e-01			9.85e-01
  6.0	1.57e-01	2.41e-01	3.86e-01	9.85e-01	  0
   .1	1.52e-01	2.44e-01			9.81e-01
  7.0	1.52e-01	2.44e-01	3.86e-01	9.81e-01	  0
   .1	1.50e-01	2.45e-01			9.77e-01
  8.0	1.50e-01	2.45e-01	3.86e-01	9.77e-01	  0
   .1	1.43e-01	2.49e-01			9.71e-01
  9.0	1.43e-01	2.49e-01	3.86e-01	9.71e-01	  0
   .1	1.42e-01	2.49e-01			9.67e-01
 10.0	1.42e-01	2.49e-01	3.86e-01	9.67e-01	  0
   .1	1.36e-01	2.53e-01			9.62e-01
 11.0	1.36e-01	2.53e-01	3.86e-01	9.62e-01	  0
   .1	1.35e-01	2.53e-01			9.59e-01
 12.0	1.35e-01	2.53e-01	3.86e-01	9.59e-01	  0
   .1	1.31e-01	2.55e-01			9.56e-01
 13.0	1.31e-01	2.55e-01	3.86e-01	9.56e-01	  0
   .1	1.30e-01	2.55e-01			9.54e-01
 14.0	1.30e-01	2.55e-01	3.86e-01	9.54e-01	  0
   .1	1.28e-01	2.57e-01			9.51e-01
 15.0	1.28e-01	2.57e-01	3.86e-01	9.51e-01	  0
   .1	1.27e-01	2.57e-01			9.50e-01
 16.0	1.27e-01	2.57e-01	3.86e-01	9.50e-01	  0
   .1	1.25e-01	2.58e-01			9.48e-01
 17.0	1.25e-01	2.58e-01	3.86e-01	9.48e-01	  0
   .1	1.25e-01	2.58e-01			9.46e-01
 18.0	1.25e-01	2.58e-01	3.86e-01	9.46e-01	  0
   .1	1.24e-01	2.58e-01			9.45e-01
 19.0	1.24e-01	2.58e-01	3.86e-01	9.45e-01	  0
   .1	1.24e-01	2.58e-01			9.44e-01
 20.0	1.24e-01	2.58e-01	3.86e-01	9.44e-01	  0
   .1	1.23e-01	2.58e-01			9.44e-01
projGN iterated maxIter=20 times but reached only stepNorm of 0.0035105644500843247 instead 0.001.


--- Inversion on [256, 128] grid with wTVReg and alpha=0.23950266199874853 --- 

 i.LS	       F	       R	alpha[1]	   Jc/J0	 #Active
  1.0	1.23e-01	1.60e-01	2.40e-01	1.00e+00	  0
   .1	1.21e-01	1.62e-01			9.97e-01
  2.0	1.21e-01	1.62e-01	2.40e-01	9.97e-01	  0
   .1	1.18e-01	1.63e-01			9.94e-01
  3.0	1.18e-01	1.63e-01	2.40e-01	9.94e-01	403
   .1	1.18e-01	1.64e-01			9.94e-01
  4.0	1.18e-01	1.64e-01	2.40e-01	9.94e-01	413
   .1	1.16e-01	1.65e-01			9.94e-01
  5.0	1.16e-01	1.65e-01	2.40e-01	9.94e-01	374
   .1	1.16e-01	1.66e-01			9.93e-01
  6.0	1.16e-01	1.66e-01	2.40e-01	9.93e-01	293
   .1	1.15e-01	1.66e-01			9.93e-01
  7.0	1.15e-01	1.66e-01	2.40e-01	9.93e-01	200
   .1	1.15e-01	1.66e-01			9.91e-01
  8.0	1.15e-01	1.66e-01	2.40e-01	9.91e-01	134
   .1	1.14e-01	1.66e-01			9.89e-01
  9.0	1.14e-01	1.66e-01	2.40e-01	9.89e-01	 92
   .1	1.14e-01	1.66e-01			9.88e-01
 10.0	1.14e-01	1.66e-01	2.40e-01	9.88e-01	 67
   .1	1.11e-01	1.68e-01			9.84e-01
 11.0	1.11e-01	1.68e-01	2.40e-01	9.84e-01	747
   .1	1.11e-01	1.68e-01			9.84e-01
   .2	1.11e-01	1.68e-01			9.83e-01
 12.0	1.11e-01	1.68e-01	2.40e-01	9.83e-01	612
   .1	1.10e-01	1.69e-01			9.83e-01
   .2	1.10e-01	1.68e-01			9.82e-01
 13.0	1.10e-01	1.68e-01	2.40e-01	9.82e-01	529
   .1	1.10e-01	1.68e-01			9.80e-01
 14.0	1.10e-01	1.68e-01	2.40e-01	9.80e-01	499
   .1	1.08e-01	1.70e-01			9.79e-01
 15.0	1.08e-01	1.70e-01	2.40e-01	9.79e-01	468
   .1	1.06e-01	1.71e-01			9.77e-01
 16.0	1.06e-01	1.71e-01	2.40e-01	9.77e-01	411
   .1	1.05e-01	1.72e-01			9.76e-01
 17.0	1.05e-01	1.72e-01	2.40e-01	9.76e-01	340
   .1	1.03e-01	1.72e-01			9.72e-01
 18.0	1.03e-01	1.72e-01	2.40e-01	9.72e-01	367
   .1	1.02e-01	1.74e-01			9.71e-01
 19.0	1.02e-01	1.74e-01	2.40e-01	9.71e-01	361
   .1	1.02e-01	1.74e-01			9.72e-01
   .2	1.02e-01	1.73e-01			9.67e-01
 20.0	1.02e-01	1.73e-01	2.40e-01	9.67e-01	180
   .1	1.02e-01	1.72e-01			9.66e-01
projGN iterated maxIter=20 times but reached only stepNorm of 0.00401098473648371 instead 0.001.


--- Inversion on [256, 128] grid with wTVReg and alpha=0.14873521072935114 --- 

 i.LS	       F	       R	alpha[1]	   Jc/J0	 #Active
  1.0	1.02e-01	1.07e-01	1.49e-01	1.00e+00	215
   .1	1.00e-01	1.08e-01			9.97e-01
  2.0	1.00e-01	1.08e-01	1.49e-01	9.97e-01	776
   .1	9.87e-02	1.09e-01			9.96e-01
  3.0	9.87e-02	1.09e-01	1.49e-01	9.96e-01	601
   .1	9.81e-02	1.10e-01			9.95e-01
  4.0	9.81e-02	1.10e-01	1.49e-01	9.95e-01	494
   .1	9.78e-02	1.10e-01			9.96e-01
   .2	9.79e-02	1.09e-01			9.92e-01
  5.0	9.79e-02	1.09e-01	1.49e-01	9.92e-01	259
   .1	9.74e-02	1.10e-01			9.93e-01
   .2	9.77e-02	1.09e-01			9.91e-01
  6.0	9.77e-02	1.09e-01	1.49e-01	9.91e-01	151
   .1	9.72e-02	1.09e-01			9.90e-01
  7.0	9.72e-02	1.09e-01	1.49e-01	9.90e-01	415
   .1	9.59e-02	1.10e-01			9.88e-01
  8.0	9.59e-02	1.10e-01	1.49e-01	9.88e-01	714
   .1	9.50e-02	1.11e-01			9.87e-01
  9.0	9.50e-02	1.11e-01	1.49e-01	9.87e-01	645
   .1	9.35e-02	1.12e-01			9.85e-01
 10.0	9.35e-02	1.12e-01	1.49e-01	9.85e-01	530
   .1	9.30e-02	1.12e-01			9.84e-01
 11.0	9.30e-02	1.12e-01	1.49e-01	9.84e-01	497
   .1	9.26e-02	1.12e-01			9.82e-01
 12.0	9.26e-02	1.12e-01	1.49e-01	9.82e-01	449
   .1	9.25e-02	1.12e-01			9.82e-01
   .2	9.25e-02	1.11e-01			9.78e-01
 13.0	9.25e-02	1.11e-01	1.49e-01	9.78e-01	151
   .1	9.21e-02	1.11e-01			9.75e-01
 14.0	9.21e-02	1.11e-01	1.49e-01	9.75e-01	336
   .1	9.15e-02	1.12e-01			9.75e-01
 15.0	9.15e-02	1.12e-01	1.49e-01	9.75e-01	971
   .1	8.99e-02	1.13e-01			9.73e-01
 16.0	8.99e-02	1.13e-01	1.49e-01	9.73e-01	883
   .1	8.91e-02	1.13e-01			9.71e-01
 17.0	8.91e-02	1.13e-01	1.49e-01	9.71e-01	692
   .1	8.86e-02	1.14e-01			9.70e-01
 18.0	8.86e-02	1.14e-01	1.49e-01	9.70e-01	595
   .1	8.83e-02	1.14e-01			9.70e-01
 19.0	8.83e-02	1.14e-01	1.49e-01	9.70e-01	550
   .1	8.79e-02	1.14e-01			9.69e-01
 20.0	8.79e-02	1.14e-01	1.49e-01	9.69e-01	456
   .1	8.77e-02	1.14e-01			9.67e-01
projGN iterated maxIter=20 times but reached only stepNorm of 0.0038146290017323807 instead 0.001.


--- Inversion on [256, 128] grid with wTVReg and alpha=0.09236708571873861 --- 

 i.LS	       F	       R	alpha[1]	   Jc/J0	 #Active
  1.0	8.77e-02	7.08e-02	9.24e-02	1.00e+00	409
   .1	8.55e-02	7.15e-02			9.90e-01
  2.0	8.55e-02	7.15e-02	9.24e-02	9.90e-01	825
   .1	8.46e-02	7.19e-02			9.87e-01
  3.0	8.46e-02	7.19e-02	9.24e-02	9.87e-01	845
   .1	8.34e-02	7.24e-02			9.83e-01
  4.0	8.34e-02	7.24e-02	9.24e-02	9.83e-01	760
   .1	8.17e-02	7.32e-02			9.77e-01
  5.0	8.17e-02	7.32e-02	9.24e-02	9.77e-01	665
   .1	7.88e-02	7.42e-02			9.65e-01
  6.0	7.88e-02	7.42e-02	9.24e-02	9.65e-01	584
   .1	7.70e-02	7.48e-02			9.58e-01
  7.0	7.70e-02	7.48e-02	9.24e-02	9.58e-01	618
   .1	7.39e-02	7.60e-02			9.46e-01
  8.0	7.39e-02	7.60e-02	9.24e-02	9.46e-01	494
   .1	7.26e-02	7.64e-02			9.40e-01
  9.0	7.26e-02	7.64e-02	9.24e-02	9.40e-01	488
   .1	7.15e-02	7.66e-02			9.34e-01
 10.0	7.15e-02	7.66e-02	9.24e-02	9.34e-01	529
   .1	7.02e-02	7.70e-02			9.29e-01
 11.0	7.02e-02	7.70e-02	9.24e-02	9.29e-01	505
   .1	6.97e-02	7.71e-02			9.26e-01
 12.0	6.97e-02	7.71e-02	9.24e-02	9.26e-01	530
   .1	6.94e-02	7.72e-02			9.25e-01
 13.0	6.94e-02	7.72e-02	9.24e-02	9.25e-01	626
   .1	6.91e-02	7.74e-02			9.24e-01
 14.0	6.91e-02	7.74e-02	9.24e-02	9.24e-01	510
   .1	6.89e-02	7.76e-02			9.24e-01
 15.0	6.89e-02	7.76e-02	9.24e-02	9.24e-01	563
   .1	6.87e-02	7.74e-02			9.22e-01
 16.0	6.87e-02	7.74e-02	9.24e-02	9.22e-01	572
   .1	6.86e-02	7.74e-02			9.22e-01
 17.0	6.86e-02	7.74e-02	9.24e-02	9.22e-01	522
   .1	6.86e-02	7.74e-02			9.21e-01
 18.0	6.86e-02	7.74e-02	9.24e-02	9.21e-01	525
   .1	6.86e-02	7.74e-02			9.21e-01
 19.0	6.86e-02	7.74e-02	9.24e-02	9.21e-01	505
   .1	6.85e-02	7.73e-02			9.20e-01
 20.0	6.85e-02	7.73e-02	9.24e-02	9.20e-01	466
   .1	6.85e-02	7.73e-02			9.20e-01
projGN iterated maxIter=20 times but reached only stepNorm of 0.0035781715552374305 instead 0.001.


--- Inversion on [256, 128] grid with wTVReg and alpha=0.057361525104486784 --- 

 i.LS	       F	       R	alpha[1]	   Jc/J0	 #Active
  1.0	6.85e-02	4.80e-02	5.74e-02	1.00e+00	495
   .1	6.80e-02	4.80e-02			9.96e-01
  2.0	6.80e-02	4.80e-02	5.74e-02	9.96e-01	652
   .1	6.77e-02	4.82e-02			9.95e-01
  3.0	6.77e-02	4.82e-02	5.74e-02	9.95e-01	641
   .1	6.75e-02	4.84e-02			9.95e-01
  4.0	6.75e-02	4.84e-02	5.74e-02	9.95e-01	734
   .1	6.74e-02	4.86e-02			9.95e-01
   .2	6.75e-02	4.82e-02			9.93e-01
  5.0	6.75e-02	4.82e-02	5.74e-02	9.93e-01	247
   .1	6.73e-02	4.84e-02			9.93e-01
   .2	6.74e-02	4.82e-02			9.92e-01
  6.0	6.74e-02	4.82e-02	5.74e-02	9.92e-01	111
   .1	6.72e-02	4.83e-02			9.91e-01
  7.0	6.72e-02	4.83e-02	5.74e-02	9.91e-01	1213
   .1	6.68e-02	4.85e-02			9.90e-01
  8.0	6.68e-02	4.85e-02	5.74e-02	9.90e-01	1336
   .1	6.67e-02	4.87e-02			9.91e-01
   .2	6.68e-02	4.85e-02			9.89e-01
  9.0	6.68e-02	4.85e-02	5.74e-02	9.89e-01	969
   .1	6.64e-02	4.88e-02			9.89e-01
 10.0	6.64e-02	4.88e-02	5.74e-02	9.89e-01	1053
   .1	6.59e-02	4.91e-02			9.87e-01
 11.0	6.59e-02	4.91e-02	5.74e-02	9.87e-01	985
   .1	6.50e-02	4.95e-02			9.83e-01
 12.0	6.50e-02	4.95e-02	5.74e-02	9.83e-01	799
   .1	6.39e-02	4.98e-02			9.77e-01
 13.0	6.39e-02	4.98e-02	5.74e-02	9.77e-01	838
   .1	6.11e-02	5.08e-02			9.60e-01
 14.0	6.11e-02	5.08e-02	5.74e-02	9.60e-01	776
   .1	5.76e-02	5.21e-02			9.42e-01
 15.0	5.76e-02	5.21e-02	5.74e-02	9.42e-01	835
   .1	5.61e-02	5.24e-02			9.31e-01
 16.0	5.61e-02	5.24e-02	5.74e-02	9.31e-01	810
   .1	5.50e-02	5.27e-02			9.25e-01
 17.0	5.50e-02	5.27e-02	5.74e-02	9.25e-01	797
   .1	5.40e-02	5.31e-02			9.19e-01
 18.0	5.40e-02	5.31e-02	5.74e-02	9.19e-01	757
   .1	5.32e-02	5.33e-02			9.14e-01
 19.0	5.32e-02	5.33e-02	5.74e-02	9.14e-01	796
   .1	5.27e-02	5.34e-02			9.11e-01
 20.0	5.27e-02	5.34e-02	5.74e-02	9.11e-01	886
   .1	5.21e-02	5.36e-02			9.07e-01
projGN iterated maxIter=20 times but reached only stepNorm of 0.01592411608522165 instead 0.001.


--- Inversion on [256, 128] grid with wTVReg and alpha=0.035622478902624426 --- 

 i.LS	       F	       R	alpha[1]	   Jc/J0	 #Active
  1.0	5.21e-02	3.33e-02	3.56e-02	1.00e+00	764
   .1	5.03e-02	3.39e-02			9.86e-01
  2.0	5.03e-02	3.39e-02	3.56e-02	9.86e-01	1046
   .1	4.93e-02	3.43e-02			9.79e-01
  3.0	4.93e-02	3.43e-02	3.56e-02	9.79e-01	1159
   .1	4.80e-02	3.49e-02			9.71e-01
  4.0	4.80e-02	3.49e-02	3.56e-02	9.71e-01	1029
   .1	4.69e-02	3.53e-02			9.62e-01
  5.0	4.69e-02	3.53e-02	3.56e-02	9.62e-01	1023
   .1	4.58e-02	3.55e-02			9.53e-01
  6.0	4.58e-02	3.55e-02	3.56e-02	9.53e-01	911
   .1	4.45e-02	3.59e-02			9.42e-01
  7.0	4.45e-02	3.59e-02	3.56e-02	9.42e-01	1067
   .1	4.28e-02	3.64e-02			9.29e-01
  8.0	4.28e-02	3.64e-02	3.56e-02	9.29e-01	1030
   .1	4.15e-02	3.69e-02			9.18e-01
  9.0	4.15e-02	3.69e-02	3.56e-02	9.18e-01	894
   .1	4.05e-02	3.72e-02			9.11e-01
 10.0	4.05e-02	3.72e-02	3.56e-02	9.11e-01	963
   .1	3.98e-02	3.75e-02			9.05e-01
 11.0	3.98e-02	3.75e-02	3.56e-02	9.05e-01	938
   .1	3.90e-02	3.78e-02			9.00e-01
 12.0	3.90e-02	3.78e-02	3.56e-02	9.00e-01	848
   .1	3.85e-02	3.79e-02			8.96e-01
 13.0	3.85e-02	3.79e-02	3.56e-02	8.96e-01	904
   .1	3.80e-02	3.81e-02			8.92e-01
 14.0	3.80e-02	3.81e-02	3.56e-02	8.92e-01	909
   .1	3.76e-02	3.83e-02			8.89e-01
 15.0	3.76e-02	3.83e-02	3.56e-02	8.89e-01	841
   .1	3.72e-02	3.85e-02			8.87e-01
 16.0	3.72e-02	3.85e-02	3.56e-02	8.87e-01	761
   .1	3.69e-02	3.86e-02			8.85e-01
 17.0	3.69e-02	3.86e-02	3.56e-02	8.85e-01	784
   .1	3.68e-02	3.86e-02			8.83e-01
 18.0	3.68e-02	3.86e-02	3.56e-02	8.83e-01	845
   .1	3.66e-02	3.86e-02			8.82e-01
 19.0	3.66e-02	3.86e-02	3.56e-02	8.82e-01	825
   .1	3.64e-02	3.87e-02			8.81e-01
 20.0	3.64e-02	3.87e-02	3.56e-02	8.81e-01	806
   .1	3.63e-02	3.88e-02			8.80e-01
projGN iterated maxIter=20 times but reached only stepNorm of 0.007399911131406645 instead 0.001.


--- Inversion on [256, 128] grid with wTVReg and alpha=0.022122162910704492 --- 

 i.LS	       F	       R	alpha[1]	   Jc/J0	 #Active
  1.0	3.63e-02	2.41e-02	2.21e-02	1.00e+00	875
   .1	3.57e-02	2.44e-02			9.94e-01
  2.0	3.57e-02	2.44e-02	2.21e-02	9.94e-01	2027
   .1	3.51e-02	2.47e-02			9.89e-01
  3.0	3.51e-02	2.47e-02	2.21e-02	9.89e-01	2220
   .1	3.43e-02	2.50e-02			9.82e-01
  4.0	3.43e-02	2.50e-02	2.21e-02	9.82e-01	2307
   .1	3.34e-02	2.54e-02			9.73e-01
  5.0	3.34e-02	2.54e-02	2.21e-02	9.73e-01	2491
   .1	3.23e-02	2.58e-02			9.62e-01
  6.0	3.23e-02	2.58e-02	2.21e-02	9.62e-01	2885
   .1	3.11e-02	2.63e-02			9.49e-01
  7.0	3.11e-02	2.63e-02	2.21e-02	9.49e-01	2893
   .1	2.99e-02	2.67e-02			9.37e-01
  8.0	2.99e-02	2.67e-02	2.21e-02	9.37e-01	3034
   .1	2.92e-02	2.69e-02			9.29e-01
  9.0	2.92e-02	2.69e-02	2.21e-02	9.29e-01	3149
   .1	2.83e-02	2.72e-02			9.19e-01
 10.0	2.83e-02	2.72e-02	2.21e-02	9.19e-01	4429
   .1	2.78e-02	2.74e-02			9.14e-01
 11.0	2.78e-02	2.74e-02	2.21e-02	9.14e-01	4990
   .1	2.75e-02	2.75e-02			9.11e-01
 12.0	2.75e-02	2.75e-02	2.21e-02	9.11e-01	4818
   .1	2.73e-02	2.76e-02			9.10e-01
 13.0	2.73e-02	2.76e-02	2.21e-02	9.10e-01	4629
   .1	2.72e-02	2.77e-02			9.09e-01
 14.0	2.72e-02	2.77e-02	2.21e-02	9.09e-01	4181
   .1	2.71e-02	2.77e-02			9.09e-01
 15.0	2.71e-02	2.77e-02	2.21e-02	9.09e-01	4205
   .1	2.71e-02	2.78e-02			9.08e-01
 16.0	2.71e-02	2.78e-02	2.21e-02	9.08e-01	4119
   .1	2.70e-02	2.78e-02			9.07e-01
 17.0	2.70e-02	2.78e-02	2.21e-02	9.07e-01	4128
   .1	2.70e-02	2.78e-02			9.07e-01
 18.0	2.70e-02	2.78e-02	2.21e-02	9.07e-01	3866
   .1	2.69e-02	2.78e-02			9.07e-01
 19.0	2.69e-02	2.78e-02	2.21e-02	9.07e-01	3831
   .1	2.69e-02	2.78e-02			9.06e-01
 20.0	2.69e-02	2.78e-02	2.21e-02	9.06e-01	3838
   .1	2.69e-02	2.78e-02			9.06e-01
projGN iterated maxIter=20 times but reached only stepNorm of 0.001910383446338676 instead 0.001.


--- Inversion on [256, 128] grid with wTVReg and alpha=0.01373823795883263 --- 

 i.LS	       F	       R	alpha[1]	   Jc/J0	 #Active
  1.0	2.69e-02	1.73e-02	1.37e-02	1.00e+00	3958
   .1	2.66e-02	1.74e-02			9.95e-01
  2.0	2.66e-02	1.74e-02	1.37e-02	9.95e-01	5313
   .1	2.65e-02	1.75e-02			9.94e-01
  3.0	2.65e-02	1.75e-02	1.37e-02	9.94e-01	4811
   .1	2.63e-02	1.76e-02			9.94e-01
  4.0	2.63e-02	1.76e-02	1.37e-02	9.94e-01	5204
   .1	2.63e-02	1.76e-02			9.93e-01
  5.0	2.63e-02	1.76e-02	1.37e-02	9.93e-01	5041
   .1	2.62e-02	1.77e-02			9.93e-01
  6.0	2.62e-02	1.77e-02	1.37e-02	9.93e-01	5416
   .1	2.61e-02	1.77e-02			9.92e-01
  7.0	2.61e-02	1.77e-02	1.37e-02	9.92e-01	5361
   .1	2.61e-02	1.77e-02			9.92e-01
  8.0	2.61e-02	1.77e-02	1.37e-02	9.92e-01	5291
   .1	2.61e-02	1.78e-02			9.92e-01
  9.0	2.61e-02	1.78e-02	1.37e-02	9.92e-01	5205
   .1	2.60e-02	1.78e-02			9.92e-01
 10.0	2.60e-02	1.78e-02	1.37e-02	9.92e-01	5309
   .1	2.60e-02	1.78e-02			9.91e-01
 11.0	2.60e-02	1.78e-02	1.37e-02	9.91e-01	5293
   .1	2.60e-02	1.78e-02			9.91e-01
 12.0	2.60e-02	1.78e-02	1.37e-02	9.91e-01	5370
   .1	2.60e-02	1.78e-02			9.91e-01
 13.0	2.60e-02	1.78e-02	1.37e-02	9.91e-01	5331
   .1	2.59e-02	1.78e-02			9.90e-01
 14.0	2.59e-02	1.78e-02	1.37e-02	9.90e-01	5373
   .1	2.58e-02	1.79e-02			9.89e-01
 15.0	2.58e-02	1.79e-02	1.37e-02	9.89e-01	5297
   .1	2.57e-02	1.79e-02			9.87e-01
 16.0	2.57e-02	1.79e-02	1.37e-02	9.87e-01	5578
   .1	2.54e-02	1.80e-02			9.82e-01
 17.0	2.54e-02	1.80e-02	1.37e-02	9.82e-01	5624
   .1	2.49e-02	1.82e-02			9.73e-01
 18.0	2.49e-02	1.82e-02	1.37e-02	9.73e-01	6450
   .1	2.42e-02	1.84e-02			9.64e-01
 19.0	2.42e-02	1.84e-02	1.37e-02	9.64e-01	6434
   .1	2.36e-02	1.86e-02			9.55e-01
 20.0	2.36e-02	1.86e-02	1.37e-02	9.55e-01	6453
   .1	2.32e-02	1.87e-02			9.49e-01
projGN iterated maxIter=20 times but reached only stepNorm of 0.039052042090293726 instead 0.001.


--- Inversion on [256, 128] grid with wTVReg and alpha=0.008531678524172805 --- 

 i.LS	       F	       R	alpha[1]	   Jc/J0	 #Active
  1.0	2.32e-02	1.16e-02	8.53e-03	1.00e+00	6398
   .1	2.22e-02	1.19e-02			9.81e-01
  2.0	2.22e-02	1.19e-02	8.53e-03	9.81e-01	8047
   .1	2.14e-02	1.22e-02			9.65e-01
  3.0	2.14e-02	1.22e-02	8.53e-03	9.65e-01	9273
   .1	2.08e-02	1.24e-02			9.53e-01
  4.0	2.08e-02	1.24e-02	8.53e-03	9.53e-01	9448
   .1	2.03e-02	1.26e-02			9.45e-01
  5.0	2.03e-02	1.26e-02	8.53e-03	9.45e-01	9120
   .1	2.00e-02	1.27e-02			9.39e-01
  6.0	2.00e-02	1.27e-02	8.53e-03	9.39e-01	9027
   .1	1.98e-02	1.27e-02			9.34e-01
  7.0	1.98e-02	1.27e-02	8.53e-03	9.34e-01	9206
   .1	1.95e-02	1.28e-02			9.29e-01
  8.0	1.95e-02	1.28e-02	8.53e-03	9.29e-01	9118
   .1	1.94e-02	1.29e-02			9.25e-01
  9.0	1.94e-02	1.29e-02	8.53e-03	9.25e-01	9387
   .1	1.92e-02	1.29e-02			9.22e-01
 10.0	1.92e-02	1.29e-02	8.53e-03	9.22e-01	9619
   .1	1.91e-02	1.29e-02			9.19e-01
 11.0	1.91e-02	1.29e-02	8.53e-03	9.19e-01	9312
   .1	1.89e-02	1.30e-02			9.16e-01
 12.0	1.89e-02	1.30e-02	8.53e-03	9.16e-01	9305
   .1	1.88e-02	1.30e-02			9.13e-01
 13.0	1.88e-02	1.30e-02	8.53e-03	9.13e-01	8926
   .1	1.87e-02	1.30e-02			9.11e-01
 14.0	1.87e-02	1.30e-02	8.53e-03	9.11e-01	9392
   .1	1.86e-02	1.31e-02			9.09e-01
 15.0	1.86e-02	1.31e-02	8.53e-03	9.09e-01	9026
   .1	1.84e-02	1.31e-02			9.06e-01
 16.0	1.84e-02	1.31e-02	8.53e-03	9.06e-01	9640
   .1	1.83e-02	1.31e-02			9.03e-01
 17.0	1.83e-02	1.31e-02	8.53e-03	9.03e-01	8895
   .1	1.82e-02	1.32e-02			9.01e-01
 18.0	1.82e-02	1.32e-02	8.53e-03	9.01e-01	9132
   .1	1.81e-02	1.32e-02			8.98e-01
 19.0	1.81e-02	1.32e-02	8.53e-03	8.98e-01	9332
   .1	1.80e-02	1.32e-02			8.96e-01
 20.0	1.80e-02	1.32e-02	8.53e-03	8.96e-01	9474
   .1	1.79e-02	1.33e-02			8.94e-01
projGN iterated maxIter=20 times but reached only stepNorm of 0.01586818938181235 instead 0.001.


--- Inversion on [256, 128] grid with wTVReg and alpha=0.005298316906283708 --- 

 i.LS	       F	       R	alpha[1]	   Jc/J0	 #Active
  1.0	1.79e-02	8.24e-03	5.30e-03	1.00e+00	9224
   .1	1.75e-02	8.38e-03			9.90e-01
  2.0	1.75e-02	8.38e-03	5.30e-03	9.90e-01	9811
   .1	1.72e-02	8.47e-03			9.83e-01
  3.0	1.72e-02	8.47e-03	5.30e-03	9.83e-01	9576
   .1	1.70e-02	8.55e-03			9.78e-01
  4.0	1.70e-02	8.55e-03	5.30e-03	9.78e-01	10262
   .1	1.69e-02	8.57e-03			9.76e-01
  5.0	1.69e-02	8.57e-03	5.30e-03	9.76e-01	10646
   .1	1.68e-02	8.61e-03			9.74e-01
  6.0	1.68e-02	8.61e-03	5.30e-03	9.74e-01	9918
   .1	1.67e-02	8.64e-03			9.72e-01
  7.0	1.67e-02	8.64e-03	5.30e-03	9.72e-01	9628
   .1	1.66e-02	8.68e-03			9.70e-01
  8.0	1.66e-02	8.68e-03	5.30e-03	9.70e-01	9759
   .1	1.65e-02	8.71e-03			9.68e-01
  9.0	1.65e-02	8.71e-03	5.30e-03	9.68e-01	9848
   .1	1.65e-02	8.74e-03			9.66e-01
 10.0	1.65e-02	8.74e-03	5.30e-03	9.66e-01	9972
   .1	1.64e-02	8.77e-03			9.64e-01
 11.0	1.64e-02	8.77e-03	5.30e-03	9.64e-01	9874
   .1	1.63e-02	8.79e-03			9.63e-01
 12.0	1.63e-02	8.79e-03	5.30e-03	9.63e-01	9847
   .1	1.63e-02	8.81e-03			9.62e-01
 13.0	1.63e-02	8.81e-03	5.30e-03	9.62e-01	10073
   .1	1.63e-02	8.83e-03			9.61e-01
 14.0	1.63e-02	8.83e-03	5.30e-03	9.61e-01	10103
   .1	1.62e-02	8.85e-03			9.61e-01
 15.0	1.62e-02	8.85e-03	5.30e-03	9.61e-01	9855
   .1	1.62e-02	8.87e-03			9.61e-01
 16.0	1.62e-02	8.87e-03	5.30e-03	9.61e-01	9652
   .1	1.62e-02	8.88e-03			9.60e-01
 17.0	1.62e-02	8.88e-03	5.30e-03	9.60e-01	9707
   .1	1.62e-02	8.89e-03			9.60e-01
 18.0	1.62e-02	8.89e-03	5.30e-03	9.60e-01	9593
   .1	1.62e-02	8.90e-03			9.60e-01
 19.0	1.62e-02	8.90e-03	5.30e-03	9.60e-01	9305
   .1	1.61e-02	8.90e-03			9.60e-01
 20.0	1.61e-02	8.90e-03	5.30e-03	9.60e-01	9819
   .1	1.61e-02	8.91e-03			9.60e-01
projGN iterated maxIter=20 times but reached only stepNorm of 0.007357469455844867 instead 0.001.


--- Inversion on [256, 128] grid with wTVReg and alpha=0.0032903445623126675 --- 

 i.LS	       F	       R	alpha[1]	   Jc/J0	 #Active
  1.0	1.61e-02	5.53e-03	3.29e-03	1.00e+00	9160
   .1	1.60e-02	5.60e-03			9.97e-01
  2.0	1.60e-02	5.60e-03	3.29e-03	9.97e-01	10116
   .1	1.59e-02	5.65e-03			9.96e-01
  3.0	1.59e-02	5.65e-03	3.29e-03	9.96e-01	10320
   .1	1.59e-02	5.68e-03			9.96e-01
  4.0	1.59e-02	5.68e-03	3.29e-03	9.96e-01	10416
   .1	1.59e-02	5.71e-03			9.95e-01
  5.0	1.59e-02	5.71e-03	3.29e-03	9.95e-01	10260
   .1	1.58e-02	5.73e-03			9.94e-01
  6.0	1.58e-02	5.73e-03	3.29e-03	9.94e-01	10375
   .1	1.58e-02	5.75e-03			9.93e-01
  7.0	1.58e-02	5.75e-03	3.29e-03	9.93e-01	10662
   .1	1.57e-02	5.79e-03			9.91e-01
  8.0	1.57e-02	5.79e-03	3.29e-03	9.91e-01	11060
   .1	1.56e-02	5.82e-03			9.88e-01
  9.0	1.56e-02	5.82e-03	3.29e-03	9.88e-01	10406
   .1	1.55e-02	5.86e-03			9.86e-01
 10.0	1.55e-02	5.86e-03	3.29e-03	9.86e-01	10873
   .1	1.54e-02	5.89e-03			9.83e-01
 11.0	1.54e-02	5.89e-03	3.29e-03	9.83e-01	11060
   .1	1.53e-02	5.93e-03			9.80e-01
 12.0	1.53e-02	5.93e-03	3.29e-03	9.80e-01	11648
   .1	1.52e-02	5.97e-03			9.77e-01
 13.0	1.52e-02	5.97e-03	3.29e-03	9.77e-01	10976
   .1	1.51e-02	6.01e-03			9.75e-01
 14.0	1.51e-02	6.01e-03	3.29e-03	9.75e-01	10991
   .1	1.50e-02	6.04e-03			9.72e-01
 15.0	1.50e-02	6.04e-03	3.29e-03	9.72e-01	10989
   .1	1.49e-02	6.06e-03			9.70e-01
 16.0	1.49e-02	6.06e-03	3.29e-03	9.70e-01	11319
   .1	1.49e-02	6.08e-03			9.68e-01
 17.0	1.49e-02	6.08e-03	3.29e-03	9.68e-01	11333
   .1	1.49e-02	6.09e-03			9.67e-01
 18.0	1.49e-02	6.09e-03	3.29e-03	9.67e-01	11358
   .1	1.48e-02	6.11e-03			9.65e-01
 19.0	1.48e-02	6.11e-03	3.29e-03	9.65e-01	11202
   .1	1.48e-02	6.12e-03			9.63e-01
 20.0	1.48e-02	6.12e-03	3.29e-03	9.63e-01	11315
   .1	1.47e-02	6.14e-03			9.62e-01
projGN iterated maxIter=20 times but reached only stepNorm of 0.019610691197626262 instead 0.001.


--- Inversion on [256, 128] grid with wTVReg and alpha=0.0020433597178569417 --- 

 i.LS	       F	       R	alpha[1]	   Jc/J0	 #Active
  1.0	1.47e-02	3.81e-03	2.04e-03	1.00e+00	11440
   .1	1.45e-02	3.88e-03			9.95e-01
  2.0	1.45e-02	3.88e-03	2.04e-03	9.95e-01	9762
   .1	1.43e-02	3.98e-03			9.89e-01
  3.0	1.43e-02	3.98e-03	2.04e-03	9.89e-01	14822
   .1	1.42e-02	4.04e-03			9.84e-01
  4.0	1.42e-02	4.04e-03	2.04e-03	9.84e-01	13885
   .1	1.41e-02	4.10e-03			9.80e-01
  5.0	1.41e-02	4.10e-03	2.04e-03	9.80e-01	12424
   .1	1.39e-02	4.14e-03			9.77e-01
  6.0	1.39e-02	4.14e-03	2.04e-03	9.77e-01	12188
   .1	1.38e-02	4.19e-03			9.73e-01
  7.0	1.38e-02	4.19e-03	2.04e-03	9.73e-01	12453
   .1	1.37e-02	4.23e-03			9.69e-01
  8.0	1.37e-02	4.23e-03	2.04e-03	9.69e-01	12505
   .1	1.36e-02	4.26e-03			9.67e-01
  9.0	1.36e-02	4.26e-03	2.04e-03	9.67e-01	12385
   .1	1.36e-02	4.28e-03			9.65e-01
 10.0	1.36e-02	4.28e-03	2.04e-03	9.65e-01	12617
   .1	1.35e-02	4.31e-03			9.63e-01
 11.0	1.35e-02	4.31e-03	2.04e-03	9.63e-01	12671
   .1	1.35e-02	4.33e-03			9.62e-01
 12.0	1.35e-02	4.33e-03	2.04e-03	9.62e-01	12602
   .1	1.34e-02	4.35e-03			9.61e-01
 13.0	1.34e-02	4.35e-03	2.04e-03	9.61e-01	12476
   .1	1.34e-02	4.36e-03			9.60e-01
 14.0	1.34e-02	4.36e-03	2.04e-03	9.60e-01	13008
   .1	1.34e-02	4.38e-03			9.59e-01
 15.0	1.34e-02	4.38e-03	2.04e-03	9.59e-01	12927
   .1	1.34e-02	4.39e-03			9.59e-01
 16.0	1.34e-02	4.39e-03	2.04e-03	9.59e-01	12518
   .1	1.33e-02	4.40e-03			9.58e-01
 17.0	1.33e-02	4.40e-03	2.04e-03	9.58e-01	12664
   .1	1.33e-02	4.40e-03			9.58e-01
 18.0	1.33e-02	4.40e-03	2.04e-03	9.58e-01	12764
   .1	1.33e-02	4.41e-03			9.58e-01
 19.0	1.33e-02	4.41e-03	2.04e-03	9.58e-01	12702
   .1	1.33e-02	4.41e-03			9.57e-01
 20.0	1.33e-02	4.41e-03	2.04e-03	9.57e-01	12981
   .1	1.33e-02	4.42e-03			9.57e-01
projGN iterated maxIter=20 times but reached only stepNorm of 0.005312156785604427 instead 0.001.


--- Inversion on [256, 128] grid with wTVReg and alpha=0.0012689610031679222 --- 

 i.LS	       F	       R	alpha[1]	   Jc/J0	 #Active
  1.0	1.33e-02	2.74e-03	1.27e-03	1.00e+00	12469
   .1	1.32e-02	2.78e-03			9.98e-01
  2.0	1.32e-02	2.78e-03	1.27e-03	9.98e-01	11475
   .1	1.32e-02	2.82e-03			9.97e-01
  3.0	1.32e-02	2.82e-03	1.27e-03	9.97e-01	15879
   .1	1.31e-02	2.85e-03			9.96e-01
  4.0	1.31e-02	2.85e-03	1.27e-03	9.96e-01	15397
   .1	1.31e-02	2.89e-03			9.95e-01
  5.0	1.31e-02	2.89e-03	1.27e-03	9.95e-01	14677
   .1	1.30e-02	2.92e-03			9.93e-01
  6.0	1.30e-02	2.92e-03	1.27e-03	9.93e-01	15280
   .1	1.30e-02	2.95e-03			9.91e-01
  7.0	1.30e-02	2.95e-03	1.27e-03	9.91e-01	15585
   .1	1.29e-02	2.97e-03			9.90e-01
  8.0	1.29e-02	2.97e-03	1.27e-03	9.90e-01	15581
   .1	1.29e-02	2.99e-03			9.90e-01
  9.0	1.29e-02	2.99e-03	1.27e-03	9.90e-01	15094
   .1	1.29e-02	3.01e-03			9.89e-01
 10.0	1.29e-02	3.01e-03	1.27e-03	9.89e-01	15779
   .1	1.28e-02	3.02e-03			9.88e-01
 11.0	1.28e-02	3.02e-03	1.27e-03	9.88e-01	15989
   .1	1.28e-02	3.03e-03			9.88e-01
 12.0	1.28e-02	3.03e-03	1.27e-03	9.88e-01	15865
   .1	1.28e-02	3.05e-03			9.87e-01
 13.0	1.28e-02	3.05e-03	1.27e-03	9.87e-01	16105
   .1	1.28e-02	3.06e-03			9.86e-01
 14.0	1.28e-02	3.06e-03	1.27e-03	9.86e-01	16510
   .1	1.28e-02	3.07e-03			9.86e-01
 15.0	1.28e-02	3.07e-03	1.27e-03	9.86e-01	16356
   .1	1.27e-02	3.08e-03			9.86e-01
 16.0	1.27e-02	3.08e-03	1.27e-03	9.86e-01	15895
   .1	1.27e-02	3.09e-03			9.85e-01
 17.0	1.27e-02	3.09e-03	1.27e-03	9.85e-01	15718
   .1	1.27e-02	3.10e-03			9.85e-01
 18.0	1.27e-02	3.10e-03	1.27e-03	9.85e-01	15733
   .1	1.27e-02	3.10e-03			9.84e-01
 19.0	1.27e-02	3.10e-03	1.27e-03	9.84e-01	15934
   .1	1.27e-02	3.11e-03			9.84e-01
 20.0	1.27e-02	3.11e-03	1.27e-03	9.84e-01	15958
   .1	1.27e-02	3.12e-03			9.84e-01
projGN iterated maxIter=20 times but reached only stepNorm of 0.012897961026339888 instead 0.001.


--- Inversion on [256, 128] grid with wTVReg and alpha=0.0007880462815669912 --- 

 i.LS	       F	       R	alpha[1]	   Jc/J0	 #Active
  1.0	1.27e-02	1.94e-03	7.88e-04	1.00e+00	16083
   .1	1.26e-02	1.98e-03			9.98e-01
  2.0	1.26e-02	1.98e-03	7.88e-04	9.98e-01	15300
   .1	1.25e-02	2.03e-03			9.95e-01
  3.0	1.25e-02	2.03e-03	7.88e-04	9.95e-01	19200
   .1	1.24e-02	2.08e-03			9.93e-01
  4.0	1.24e-02	2.08e-03	7.88e-04	9.93e-01	19031
   .1	1.24e-02	2.11e-03			9.91e-01
  5.0	1.24e-02	2.11e-03	7.88e-04	9.91e-01	18865
   .1	1.23e-02	2.15e-03			9.89e-01
  6.0	1.23e-02	2.15e-03	7.88e-04	9.89e-01	18983
   .1	1.23e-02	2.17e-03			9.88e-01
  7.0	1.23e-02	2.17e-03	7.88e-04	9.88e-01	19253
   .1	1.22e-02	2.20e-03			9.87e-01
  8.0	1.22e-02	2.20e-03	7.88e-04	9.87e-01	18268
   .1	1.22e-02	2.22e-03			9.86e-01
  9.0	1.22e-02	2.22e-03	7.88e-04	9.86e-01	19132
   .1	1.21e-02	2.24e-03			9.85e-01
 10.0	1.21e-02	2.24e-03	7.88e-04	9.85e-01	18990
   .1	1.21e-02	2.25e-03			9.84e-01
 11.0	1.21e-02	2.25e-03	7.88e-04	9.84e-01	19084
   .1	1.21e-02	2.27e-03			9.83e-01
 12.0	1.21e-02	2.27e-03	7.88e-04	9.83e-01	18334
   .1	1.21e-02	2.28e-03			9.83e-01
 13.0	1.21e-02	2.28e-03	7.88e-04	9.83e-01	19413
   .1	1.21e-02	2.29e-03			9.82e-01
 14.0	1.21e-02	2.29e-03	7.88e-04	9.82e-01	18973
   .1	1.20e-02	2.30e-03			9.82e-01
 15.0	1.20e-02	2.30e-03	7.88e-04	9.82e-01	18444
   .1	1.20e-02	2.31e-03			9.81e-01
 16.0	1.20e-02	2.31e-03	7.88e-04	9.81e-01	19325
   .1	1.20e-02	2.32e-03			9.81e-01
 17.0	1.20e-02	2.32e-03	7.88e-04	9.81e-01	19653
   .1	1.20e-02	2.33e-03			9.80e-01
 18.0	1.20e-02	2.33e-03	7.88e-04	9.80e-01	18464
   .1	1.20e-02	2.34e-03			9.80e-01
 19.0	1.20e-02	2.34e-03	7.88e-04	9.80e-01	18298
   .1	1.20e-02	2.35e-03			9.79e-01
 20.0	1.20e-02	2.35e-03	7.88e-04	9.79e-01	19152
   .1	1.19e-02	2.35e-03			9.79e-01
projGN iterated maxIter=20 times but reached only stepNorm of 0.03859779808370084 instead 0.001.


--- Inversion on [256, 128] grid with wTVReg and alpha=0.0004893900918477494 --- 

 i.LS	       F	       R	alpha[1]	   Jc/J0	 #Active
  1.0	1.19e-02	1.46e-03	4.89e-04	1.00e+00	19132
   .1	1.19e-02	1.50e-03			9.98e-01
  2.0	1.19e-02	1.50e-03	4.89e-04	9.98e-01	18412
   .1	1.18e-02	1.53e-03			9.97e-01
  3.0	1.18e-02	1.53e-03	4.89e-04	9.97e-01	21747
   .1	1.18e-02	1.58e-03			9.94e-01
  4.0	1.18e-02	1.58e-03	4.89e-04	9.94e-01	22345
   .1	1.17e-02	1.62e-03			9.92e-01
  5.0	1.17e-02	1.62e-03	4.89e-04	9.92e-01	21355
   .1	1.16e-02	1.67e-03			9.89e-01
  6.0	1.16e-02	1.67e-03	4.89e-04	9.89e-01	22975
   .1	1.15e-02	1.70e-03			9.87e-01
  7.0	1.15e-02	1.70e-03	4.89e-04	9.87e-01	22865
   .1	1.15e-02	1.72e-03			9.85e-01
  8.0	1.15e-02	1.72e-03	4.89e-04	9.85e-01	22170
   .1	1.14e-02	1.76e-03			9.84e-01
  9.0	1.14e-02	1.76e-03	4.89e-04	9.84e-01	22860
   .1	1.14e-02	1.77e-03			9.83e-01
 10.0	1.14e-02	1.77e-03	4.89e-04	9.83e-01	22096
   .1	1.14e-02	1.79e-03			9.82e-01
 11.0	1.14e-02	1.79e-03	4.89e-04	9.82e-01	22757
   .1	1.13e-02	1.81e-03			9.81e-01
 12.0	1.13e-02	1.81e-03	4.89e-04	9.81e-01	22223
   .1	1.13e-02	1.82e-03			9.80e-01
 13.0	1.13e-02	1.82e-03	4.89e-04	9.80e-01	23124
   .1	1.13e-02	1.84e-03			9.79e-01
 14.0	1.13e-02	1.84e-03	4.89e-04	9.79e-01	21216
   .1	1.12e-02	1.87e-03			9.79e-01
 15.0	1.12e-02	1.87e-03	4.89e-04	9.79e-01	23847
   .1	1.12e-02	1.88e-03			9.78e-01
 16.0	1.12e-02	1.88e-03	4.89e-04	9.78e-01	23904
   .1	1.12e-02	1.89e-03			9.78e-01
 17.0	1.12e-02	1.89e-03	4.89e-04	9.78e-01	23027
   .1	1.12e-02	1.91e-03			9.77e-01
 18.0	1.12e-02	1.91e-03	4.89e-04	9.77e-01	23833
   .1	1.12e-02	1.92e-03			9.77e-01
 19.0	1.12e-02	1.92e-03	4.89e-04	9.77e-01	23033
   .1	1.12e-02	1.93e-03			9.76e-01
 20.0	1.12e-02	1.93e-03	4.89e-04	9.76e-01	23590
   .1	1.11e-02	1.94e-03			9.76e-01
projGN iterated maxIter=20 times but reached only stepNorm of 0.10000000000000003 instead 0.001.


--- Inversion on [256, 128] grid with wTVReg and alpha=0.0003039195382313198 --- 

 i.LS	       F	       R	alpha[1]	   Jc/J0	 #Active
  1.0	1.11e-02	1.21e-03	3.04e-04	1.00e+00	22501
   .1	1.11e-02	1.24e-03			9.98e-01
  2.0	1.11e-02	1.24e-03	3.04e-04	9.98e-01	23079
   .1	1.10e-02	1.26e-03			9.97e-01
  3.0	1.10e-02	1.26e-03	3.04e-04	9.97e-01	24123
   .1	1.10e-02	1.28e-03			9.96e-01
  4.0	1.10e-02	1.28e-03	3.04e-04	9.96e-01	24107
   .1	1.10e-02	1.30e-03			9.95e-01
  5.0	1.10e-02	1.30e-03	3.04e-04	9.95e-01	23941
   .1	1.10e-02	1.31e-03			9.94e-01
  6.0	1.10e-02	1.31e-03	3.04e-04	9.94e-01	24035
   .1	1.09e-02	1.32e-03			9.94e-01
  7.0	1.09e-02	1.32e-03	3.04e-04	9.94e-01	23591
   .1	1.09e-02	1.33e-03			9.93e-01
  8.0	1.09e-02	1.33e-03	3.04e-04	9.93e-01	24511
   .1	1.09e-02	1.35e-03			9.92e-01
  9.0	1.09e-02	1.35e-03	3.04e-04	9.92e-01	23807
   .1	1.09e-02	1.37e-03			9.91e-01
 10.0	1.09e-02	1.37e-03	3.04e-04	9.91e-01	25306
   .1	1.08e-02	1.39e-03			9.90e-01
 11.0	1.08e-02	1.39e-03	3.04e-04	9.90e-01	24628
   .1	1.08e-02	1.42e-03			9.89e-01
 12.0	1.08e-02	1.42e-03	3.04e-04	9.89e-01	24922
   .1	1.07e-02	1.45e-03			9.88e-01
 13.0	1.07e-02	1.45e-03	3.04e-04	9.88e-01	25181
   .1	1.07e-02	1.47e-03			9.87e-01
 14.0	1.07e-02	1.47e-03	3.04e-04	9.87e-01	25403
   .1	1.07e-02	1.47e-03			9.87e-01
 15.0	1.07e-02	1.47e-03	3.04e-04	9.87e-01	24454
   .1	1.07e-02	1.48e-03			9.87e-01
 16.0	1.07e-02	1.48e-03	3.04e-04	9.87e-01	25631
   .1	1.07e-02	1.48e-03			9.87e-01
 17.0	1.07e-02	1.48e-03	3.04e-04	9.87e-01	25035
   .1	1.07e-02	1.49e-03			9.86e-01
 18.0	1.07e-02	1.49e-03	3.04e-04	9.86e-01	25349
   .1	1.07e-02	1.49e-03			9.86e-01
 19.0	1.07e-02	1.49e-03	3.04e-04	9.86e-01	24514
   .1	1.07e-02	1.50e-03			9.86e-01
 20.0	1.07e-02	1.50e-03	3.04e-04	9.86e-01	25325
   .1	1.07e-02	1.50e-03			9.86e-01
projGN iterated maxIter=20 times but reached only stepNorm of 0.019193166640452786 instead 0.001.


--- Inversion on [256, 128] grid with wTVReg and alpha=0.00018873918221350977 --- 

 i.LS	       F	       R	alpha[1]	   Jc/J0	 #Active
  1.0	1.07e-02	9.30e-04	1.89e-04	1.00e+00	24970
   .1	1.06e-02	9.52e-04			9.99e-01
  2.0	1.06e-02	9.52e-04	1.89e-04	9.99e-01	25569
   .1	1.06e-02	9.64e-04			9.98e-01
  3.0	1.06e-02	9.64e-04	1.89e-04	9.98e-01	24428
   .1	1.06e-02	9.79e-04			9.98e-01
  4.0	1.06e-02	9.79e-04	1.89e-04	9.98e-01	26629
   .1	1.06e-02	9.88e-04			9.97e-01
  5.0	1.06e-02	9.88e-04	1.89e-04	9.97e-01	26236
   .1	1.06e-02	9.94e-04			9.97e-01
  6.0	1.06e-02	9.94e-04	1.89e-04	9.97e-01	26614
   .1	1.06e-02	1.00e-03			9.96e-01
  7.0	1.06e-02	1.00e-03	1.89e-04	9.96e-01	26251
   .1	1.05e-02	1.01e-03			9.96e-01
  8.0	1.05e-02	1.01e-03	1.89e-04	9.96e-01	26433
   .1	1.05e-02	1.01e-03			9.96e-01
  9.0	1.05e-02	1.01e-03	1.89e-04	9.96e-01	26354
   .1	1.05e-02	1.02e-03			9.96e-01
 10.0	1.05e-02	1.02e-03	1.89e-04	9.96e-01	26497
   .1	1.05e-02	1.02e-03			9.95e-01
 11.0	1.05e-02	1.02e-03	1.89e-04	9.95e-01	26292
   .1	1.05e-02	1.03e-03			9.95e-01
 12.0	1.05e-02	1.03e-03	1.89e-04	9.95e-01	26378
   .1	1.05e-02	1.03e-03			9.95e-01
 13.0	1.05e-02	1.03e-03	1.89e-04	9.95e-01	26412
   .1	1.05e-02	1.04e-03			9.94e-01
 14.0	1.05e-02	1.04e-03	1.89e-04	9.94e-01	26510
   .1	1.05e-02	1.04e-03			9.94e-01
 15.0	1.05e-02	1.04e-03	1.89e-04	9.94e-01	26272
   .1	1.05e-02	1.05e-03			9.94e-01
 16.0	1.05e-02	1.05e-03	1.89e-04	9.94e-01	26490
   .1	1.05e-02	1.05e-03			9.94e-01
 17.0	1.05e-02	1.05e-03	1.89e-04	9.94e-01	26420
   .1	1.05e-02	1.05e-03			9.93e-01
 18.0	1.05e-02	1.05e-03	1.89e-04	9.93e-01	26467
   .1	1.05e-02	1.06e-03			9.93e-01
 19.0	1.05e-02	1.06e-03	1.89e-04	9.93e-01	26550
   .1	1.05e-02	1.06e-03			9.93e-01
 20.0	1.05e-02	1.06e-03	1.89e-04	9.93e-01	26485
   .1	1.04e-02	1.07e-03			9.93e-01
projGN iterated maxIter=20 times but reached only stepNorm of 0.07595598227350453 instead 0.001.


--- Inversion on [256, 128] grid with wTVReg and alpha=0.00011721022975334806 --- 

 i.LS	       F	       R	alpha[1]	   Jc/J0	 #Active
  1.0	1.04e-02	6.62e-04	1.17e-04	1.00e+00	26647
   .1	1.04e-02	6.72e-04			9.99e-01
  2.0	1.04e-02	6.72e-04	1.17e-04	9.99e-01	26817
   .1	1.04e-02	6.77e-04			9.99e-01
  3.0	1.04e-02	6.77e-04	1.17e-04	9.99e-01	26993
   .1	1.04e-02	6.82e-04			9.98e-01
  4.0	1.04e-02	6.82e-04	1.17e-04	9.98e-01	27076
   .1	1.04e-02	6.86e-04			9.98e-01
  5.0	1.04e-02	6.86e-04	1.17e-04	9.98e-01	27167
   .1	1.04e-02	6.90e-04			9.98e-01
  6.0	1.04e-02	6.90e-04	1.17e-04	9.98e-01	27223
   .1	1.04e-02	6.95e-04			9.97e-01
  7.0	1.04e-02	6.95e-04	1.17e-04	9.97e-01	27324
   .1	1.04e-02	6.99e-04			9.97e-01
  8.0	1.04e-02	6.99e-04	1.17e-04	9.97e-01	27377
   .1	1.04e-02	7.04e-04			9.97e-01
  9.0	1.04e-02	7.04e-04	1.17e-04	9.97e-01	27467
   .1	1.04e-02	7.06e-04			9.96e-01
 10.0	1.04e-02	7.06e-04	1.17e-04	9.96e-01	27205
   .1	1.04e-02	7.11e-04			9.96e-01
 11.0	1.04e-02	7.11e-04	1.17e-04	9.96e-01	27694
   .1	1.04e-02	7.13e-04			9.96e-01
 12.0	1.04e-02	7.13e-04	1.17e-04	9.96e-01	27397
   .1	1.03e-02	7.16e-04			9.96e-01
 13.0	1.03e-02	7.16e-04	1.17e-04	9.96e-01	27657
   .1	1.03e-02	7.18e-04			9.96e-01
 14.0	1.03e-02	7.18e-04	1.17e-04	9.96e-01	27329
   .1	1.03e-02	7.20e-04			9.96e-01
 15.0	1.03e-02	7.20e-04	1.17e-04	9.96e-01	27816
   .1	1.03e-02	7.22e-04			9.96e-01
 16.0	1.03e-02	7.22e-04	1.17e-04	9.96e-01	27580
   .1	1.03e-02	7.25e-04			9.95e-01
 17.0	1.03e-02	7.25e-04	1.17e-04	9.95e-01	27723
   .1	1.03e-02	7.27e-04			9.95e-01
 18.0	1.03e-02	7.27e-04	1.17e-04	9.95e-01	27496
   .1	1.03e-02	7.29e-04			9.95e-01
 19.0	1.03e-02	7.29e-04	1.17e-04	9.95e-01	27831
   .1	1.03e-02	7.32e-04			9.95e-01
 20.0	1.03e-02	7.32e-04	1.17e-04	9.95e-01	27632
   .1	1.03e-02	7.34e-04			9.95e-01
projGN iterated maxIter=20 times but reached only stepNorm of 0.09999999999999998 instead 0.001.


--- Inversion on [256, 128] grid with wTVReg and alpha=7.278953843983146e-5 --- 

 i.LS	       F	       R	alpha[1]	   Jc/J0	 #Active
  1.0	1.03e-02	4.56e-04	7.28e-05	1.00e+00	27771
   .1	1.03e-02	4.60e-04			1.00e+00
  2.0	1.03e-02	4.60e-04	7.28e-05	1.00e+00	26915
   .1	1.03e-02	4.62e-04			9.99e-01
  3.0	1.03e-02	4.62e-04	7.28e-05	9.99e-01	27290
   .1	1.03e-02	4.65e-04			9.99e-01
  4.0	1.03e-02	4.65e-04	7.28e-05	9.99e-01	27428
   .1	1.03e-02	4.68e-04			9.99e-01
  5.0	1.03e-02	4.68e-04	7.28e-05	9.99e-01	27625
   .1	1.03e-02	4.70e-04			9.99e-01
  6.0	1.03e-02	4.70e-04	7.28e-05	9.99e-01	27700
   .1	1.03e-02	4.74e-04			9.98e-01
  7.0	1.03e-02	4.74e-04	7.28e-05	9.98e-01	28014
   .1	1.03e-02	4.77e-04			9.98e-01
  8.0	1.03e-02	4.77e-04	7.28e-05	9.98e-01	27916
   .1	1.03e-02	4.80e-04			9.97e-01
  9.0	1.03e-02	4.80e-04	7.28e-05	9.97e-01	28213
   .1	1.03e-02	4.83e-04			9.97e-01
 10.0	1.03e-02	4.83e-04	7.28e-05	9.97e-01	28242
   .1	1.03e-02	4.87e-04			9.97e-01
 11.0	1.03e-02	4.87e-04	7.28e-05	9.97e-01	27770
   .1	1.02e-02	4.89e-04			9.96e-01
 12.0	1.02e-02	4.89e-04	7.28e-05	9.96e-01	28266
   .1	1.02e-02	4.91e-04			9.96e-01
 13.0	1.02e-02	4.91e-04	7.28e-05	9.96e-01	28188
   .1	1.02e-02	4.94e-04			9.96e-01
 14.0	1.02e-02	4.94e-04	7.28e-05	9.96e-01	28223
   .1	1.02e-02	4.95e-04			9.96e-01
 15.0	1.02e-02	4.95e-04	7.28e-05	9.96e-01	28217
   .1	1.02e-02	4.97e-04			9.96e-01
 16.0	1.02e-02	4.97e-04	7.28e-05	9.96e-01	28447
   .1	1.02e-02	4.99e-04			9.95e-01
 17.0	1.02e-02	4.99e-04	7.28e-05	9.95e-01	28247
   .1	1.02e-02	5.01e-04			9.95e-01
 18.0	1.02e-02	5.01e-04	7.28e-05	9.95e-01	28459
   .1	1.02e-02	5.02e-04			9.95e-01
 19.0	1.02e-02	5.02e-04	7.28e-05	9.95e-01	28282
   .1	1.02e-02	5.03e-04			9.95e-01
 20.0	1.02e-02	5.03e-04	7.28e-05	9.95e-01	28477
   .1	1.02e-02	5.04e-04			9.95e-01
projGN iterated maxIter=20 times but reached only stepNorm of 0.02274010042163843 instead 0.001.


--- Inversion on [256, 128] grid with wTVReg and alpha=4.520353656360241e-5 --- 

 i.LS	       F	       R	alpha[1]	   Jc/J0	 #Active
  1.0	1.02e-02	3.13e-04	4.52e-05	1.00e+00	28315
   .1	1.02e-02	3.16e-04			1.00e+00
  2.0	1.02e-02	3.16e-04	4.52e-05	1.00e+00	28582
   .1	1.02e-02	3.17e-04			1.00e+00
  3.0	1.02e-02	3.17e-04	4.52e-05	1.00e+00	28362
   .1	1.02e-02	3.19e-04			9.99e-01
  4.0	1.02e-02	3.19e-04	4.52e-05	9.99e-01	28658
   .1	1.02e-02	3.20e-04			9.99e-01
  5.0	1.02e-02	3.20e-04	4.52e-05	9.99e-01	28492
   .1	1.02e-02	3.21e-04			9.99e-01
  6.0	1.02e-02	3.21e-04	4.52e-05	9.99e-01	28747
   .1	1.02e-02	3.22e-04			9.99e-01
  7.0	1.02e-02	3.22e-04	4.52e-05	9.99e-01	28568
   .1	1.02e-02	3.23e-04			9.99e-01
  8.0	1.02e-02	3.23e-04	4.52e-05	9.99e-01	28773
   .1	1.02e-02	3.24e-04			9.99e-01
  9.0	1.02e-02	3.24e-04	4.52e-05	9.99e-01	28645
   .1	1.02e-02	3.25e-04			9.99e-01
 10.0	1.02e-02	3.25e-04	4.52e-05	9.99e-01	28819
   .1	1.02e-02	3.26e-04			9.99e-01
 11.0	1.02e-02	3.26e-04	4.52e-05	9.99e-01	28731
   .1	1.02e-02	3.27e-04			9.98e-01
 12.0	1.02e-02	3.27e-04	4.52e-05	9.98e-01	28882
   .1	1.02e-02	3.28e-04			9.98e-01
 13.0	1.02e-02	3.28e-04	4.52e-05	9.98e-01	28777
   .1	1.02e-02	3.28e-04			9.98e-01
 14.0	1.02e-02	3.28e-04	4.52e-05	9.98e-01	28923
   .1	1.02e-02	3.29e-04			9.98e-01
 15.0	1.02e-02	3.29e-04	4.52e-05	9.98e-01	28834
   .1	1.02e-02	3.30e-04			9.98e-01
 16.0	1.02e-02	3.30e-04	4.52e-05	9.98e-01	28948
   .1	1.02e-02	3.31e-04			9.98e-01
 17.0	1.02e-02	3.31e-04	4.52e-05	9.98e-01	28888
   .1	1.02e-02	3.31e-04			9.98e-01
 18.0	1.02e-02	3.31e-04	4.52e-05	9.98e-01	28993
   .1	1.02e-02	3.32e-04			9.98e-01
 19.0	1.02e-02	3.32e-04	4.52e-05	9.98e-01	28953
   .1	1.02e-02	3.33e-04			9.98e-01
 20.0	1.02e-02	3.33e-04	4.52e-05	9.98e-01	29035
   .1	1.02e-02	3.33e-04			9.98e-01
projGN iterated maxIter=20 times but reached only stepNorm of 0.03183168757047539 instead 0.001.


--- Inversion on [256, 128] grid with wTVReg and alpha=2.8072162039411757e-5 --- 

 i.LS	       F	       R	alpha[1]	   Jc/J0	 #Active
  1.0	1.02e-02	2.07e-04	2.81e-05	1.00e+00	29002
   .1	1.02e-02	2.09e-04			1.00e+00
  2.0	1.02e-02	2.09e-04	2.81e-05	1.00e+00	29126
   .1	1.02e-02	2.09e-04			1.00e+00
  3.0	1.02e-02	2.09e-04	2.81e-05	1.00e+00	28964
   .1	1.02e-02	2.10e-04			1.00e+00
  4.0	1.02e-02	2.10e-04	2.81e-05	1.00e+00	29262
   .1	1.02e-02	2.10e-04			1.00e+00
  5.0	1.02e-02	2.10e-04	2.81e-05	1.00e+00	29050
   .1	1.02e-02	2.12e-04			9.99e-01
  6.0	1.02e-02	2.12e-04	2.81e-05	9.99e-01	29348
   .1	1.02e-02	2.12e-04			9.99e-01
  7.0	1.02e-02	2.12e-04	2.81e-05	9.99e-01	29046
   .1	1.02e-02	2.13e-04			9.99e-01
  8.0	1.02e-02	2.13e-04	2.81e-05	9.99e-01	29273
   .1	1.02e-02	2.13e-04			9.99e-01
  9.0	1.02e-02	2.13e-04	2.81e-05	9.99e-01	29254
   .1	1.02e-02	2.14e-04			9.99e-01
 10.0	1.02e-02	2.14e-04	2.81e-05	9.99e-01	29255
   .1	1.02e-02	2.15e-04			9.99e-01
 11.0	1.02e-02	2.15e-04	2.81e-05	9.99e-01	29244
   .1	1.02e-02	2.15e-04			9.99e-01
 12.0	1.02e-02	2.15e-04	2.81e-05	9.99e-01	29188
   .1	1.02e-02	2.16e-04			9.99e-01
 13.0	1.02e-02	2.16e-04	2.81e-05	9.99e-01	29214
   .1	1.01e-02	2.16e-04			9.99e-01
 14.0	1.01e-02	2.16e-04	2.81e-05	9.99e-01	29176
   .1	1.01e-02	2.17e-04			9.99e-01
 15.0	1.01e-02	2.17e-04	2.81e-05	9.99e-01	29256
   .1	1.01e-02	2.17e-04			9.99e-01
 16.0	1.01e-02	2.17e-04	2.81e-05	9.99e-01	29217
   .1	1.01e-02	2.18e-04			9.99e-01
 17.0	1.01e-02	2.18e-04	2.81e-05	9.99e-01	29288
   .1	1.01e-02	2.18e-04			9.98e-01
 18.0	1.01e-02	2.18e-04	2.81e-05	9.98e-01	29248
   .1	1.01e-02	2.19e-04			9.98e-01
 19.0	1.01e-02	2.19e-04	2.81e-05	9.98e-01	29310
   .1	1.01e-02	2.19e-04			9.98e-01
 20.0	1.01e-02	2.19e-04	2.81e-05	9.98e-01	29289
   .1	1.01e-02	2.20e-04			9.98e-01
projGN iterated maxIter=20 times but reached only stepNorm of 0.0340414826977522 instead 0.001.


--- Inversion on [256, 128] grid with wTVReg and alpha=1.7433288221999873e-5 --- 

 i.LS	       F	       R	alpha[1]	   Jc/J0	 #Active
  1.0	1.01e-02	1.37e-04	1.74e-05	1.00e+00	29337
   .1	1.01e-02	1.38e-04			1.00e+00
  2.0	1.01e-02	1.38e-04	1.74e-05	1.00e+00	29404
   .1	1.01e-02	1.38e-04			1.00e+00
  3.0	1.01e-02	1.38e-04	1.74e-05	1.00e+00	29374
   .1	1.01e-02	1.39e-04			1.00e+00
  4.0	1.01e-02	1.39e-04	1.74e-05	1.00e+00	29459
   .1	1.01e-02	1.39e-04			1.00e+00
  5.0	1.01e-02	1.39e-04	1.74e-05	1.00e+00	29445
   .1	1.01e-02	1.40e-04			9.99e-01
  6.0	1.01e-02	1.40e-04	1.74e-05	9.99e-01	29501
   .1	1.01e-02	1.40e-04			9.99e-01
  7.0	1.01e-02	1.40e-04	1.74e-05	9.99e-01	29488
   .1	1.01e-02	1.41e-04			9.99e-01
  8.0	1.01e-02	1.41e-04	1.74e-05	9.99e-01	29531
   .1	1.01e-02	1.41e-04			9.99e-01
  9.0	1.01e-02	1.41e-04	1.74e-05	9.99e-01	29532
   .1	1.01e-02	1.41e-04			9.99e-01
 10.0	1.01e-02	1.41e-04	1.74e-05	9.99e-01	29561
   .1	1.01e-02	1.42e-04			9.99e-01
 11.0	1.01e-02	1.42e-04	1.74e-05	9.99e-01	29567
   .1	1.01e-02	1.42e-04			9.99e-01
 12.0	1.01e-02	1.42e-04	1.74e-05	9.99e-01	29617
   .1	1.01e-02	1.43e-04			9.99e-01
 13.0	1.01e-02	1.43e-04	1.74e-05	9.99e-01	29569
   .1	1.01e-02	1.43e-04			9.99e-01
 14.0	1.01e-02	1.43e-04	1.74e-05	9.99e-01	29643
   .1	1.01e-02	1.44e-04			9.99e-01
 15.0	1.01e-02	1.44e-04	1.74e-05	9.99e-01	29641
   .1	1.01e-02	1.44e-04			9.99e-01
 16.0	1.01e-02	1.44e-04	1.74e-05	9.99e-01	29682
   .1	1.01e-02	1.44e-04			9.99e-01
 17.0	1.01e-02	1.44e-04	1.74e-05	9.99e-01	29676
   .1	1.01e-02	1.45e-04			9.99e-01
 18.0	1.01e-02	1.45e-04	1.74e-05	9.99e-01	29702
   .1	1.01e-02	1.45e-04			9.99e-01
 19.0	1.01e-02	1.45e-04	1.74e-05	9.99e-01	29714
   .1	1.01e-02	1.45e-04			9.98e-01
 20.0	1.01e-02	1.45e-04	1.74e-05	9.98e-01	29710
   .1	1.01e-02	1.46e-04			9.98e-01
projGN iterated maxIter=20 times but reached only stepNorm of 0.02079619051056092 instead 0.001.


--- Inversion on [256, 128] grid with wTVReg and alpha=1.082636733874054e-5 --- 

 i.LS	       F	       R	alpha[1]	   Jc/J0	 #Active
  1.0	1.01e-02	9.04e-05	1.08e-05	1.00e+00	29731
   .1	1.01e-02	9.11e-05			1.00e+00
  2.0	1.01e-02	9.11e-05	1.08e-05	1.00e+00	29839
   .1	1.01e-02	9.12e-05			1.00e+00
  3.0	1.01e-02	9.12e-05	1.08e-05	1.00e+00	29730
   .1	1.01e-02	9.17e-05			1.00e+00
  4.0	1.01e-02	9.17e-05	1.08e-05	1.00e+00	29922
   .1	1.01e-02	9.19e-05			1.00e+00
  5.0	1.01e-02	9.19e-05	1.08e-05	1.00e+00	29765
   .1	1.01e-02	9.23e-05			1.00e+00
  6.0	1.01e-02	9.23e-05	1.08e-05	1.00e+00	29975
   .1	1.01e-02	9.24e-05			1.00e+00
  7.0	1.01e-02	9.24e-05	1.08e-05	1.00e+00	29848
   .1	1.01e-02	9.29e-05			1.00e+00
  8.0	1.01e-02	9.29e-05	1.08e-05	1.00e+00	30031
   .1	1.01e-02	9.30e-05			9.99e-01
  9.0	1.01e-02	9.30e-05	1.08e-05	9.99e-01	29791
   .1	1.01e-02	9.37e-05			9.99e-01
 10.0	1.01e-02	9.37e-05	1.08e-05	9.99e-01	30140
   .1	1.01e-02	9.40e-05			9.99e-01
 11.0	1.01e-02	9.40e-05	1.08e-05	9.99e-01	30091
   .1	1.01e-02	9.43e-05			9.99e-01
 12.0	1.01e-02	9.43e-05	1.08e-05	9.99e-01	30139
   .1	1.01e-02	9.45e-05			9.99e-01
 13.0	1.01e-02	9.45e-05	1.08e-05	9.99e-01	30134
   .1	1.01e-02	9.47e-05			9.99e-01
 14.0	1.01e-02	9.47e-05	1.08e-05	9.99e-01	30097
   .1	1.01e-02	9.49e-05			9.99e-01
 15.0	1.01e-02	9.49e-05	1.08e-05	9.99e-01	30271
   .1	1.01e-02	9.52e-05			9.99e-01
 16.0	1.01e-02	9.52e-05	1.08e-05	9.99e-01	30175
   .1	1.01e-02	9.54e-05			9.99e-01
 17.0	1.01e-02	9.54e-05	1.08e-05	9.99e-01	30307
   .1	1.01e-02	9.57e-05			9.99e-01
 18.0	1.01e-02	9.57e-05	1.08e-05	9.99e-01	30190
   .1	1.01e-02	9.58e-05			9.99e-01
 19.0	1.01e-02	9.58e-05	1.08e-05	9.99e-01	30283
   .1	1.01e-02	9.62e-05			9.99e-01
 20.0	1.01e-02	9.62e-05	1.08e-05	9.99e-01	30317
   .1	1.01e-02	9.63e-05			9.99e-01
projGN iterated maxIter=20 times but reached only stepNorm of 0.01686395787796882 instead 0.001.


--- Inversion on [256, 128] grid with wTVReg and alpha=6.723357536499335e-6 --- 

 i.LS	       F	       R	alpha[1]	   Jc/J0	 #Active
  1.0	1.01e-02	5.98e-05	6.72e-06	1.00e+00	30277
   .1	1.01e-02	6.03e-05			1.00e+00
  2.0	1.01e-02	6.03e-05	6.72e-06	1.00e+00	30484
   .1	1.01e-02	6.04e-05			1.00e+00
  3.0	1.01e-02	6.04e-05	6.72e-06	1.00e+00	30437
   .1	1.01e-02	6.06e-05			1.00e+00
  4.0	1.01e-02	6.06e-05	6.72e-06	1.00e+00	30530
   .1	1.01e-02	6.07e-05			1.00e+00
  5.0	1.01e-02	6.07e-05	6.72e-06	1.00e+00	30548
   .1	1.01e-02	6.08e-05			1.00e+00
  6.0	1.01e-02	6.08e-05	6.72e-06	1.00e+00	30560
   .1	1.01e-02	6.09e-05			1.00e+00
  7.0	1.01e-02	6.09e-05	6.72e-06	1.00e+00	30567
   .1	1.01e-02	6.10e-05			1.00e+00
  8.0	1.01e-02	6.10e-05	6.72e-06	1.00e+00	30589
   .1	1.01e-02	6.11e-05			1.00e+00
  9.0	1.01e-02	6.11e-05	6.72e-06	1.00e+00	30570
   .1	1.01e-02	6.12e-05			1.00e+00
 10.0	1.01e-02	6.12e-05	6.72e-06	1.00e+00	30629
   .1	1.01e-02	6.13e-05			1.00e+00
 11.0	1.01e-02	6.13e-05	6.72e-06	1.00e+00	30591
   .1	1.01e-02	6.14e-05			1.00e+00
 12.0	1.01e-02	6.14e-05	6.72e-06	1.00e+00	30657
   .1	1.01e-02	6.15e-05			1.00e+00
 13.0	1.01e-02	6.15e-05	6.72e-06	1.00e+00	30607
   .1	1.01e-02	6.16e-05			1.00e+00
 14.0	1.01e-02	6.16e-05	6.72e-06	1.00e+00	30685
   .1	1.01e-02	6.17e-05			1.00e+00
 15.0	1.01e-02	6.17e-05	6.72e-06	1.00e+00	30663
   .1	1.01e-02	6.18e-05			1.00e+00
 16.0	1.01e-02	6.18e-05	6.72e-06	1.00e+00	30701
   .1	1.01e-02	6.18e-05			1.00e+00
 17.0	1.01e-02	6.18e-05	6.72e-06	1.00e+00	30609
   .1	1.01e-02	6.19e-05			1.00e+00
 18.0	1.01e-02	6.19e-05	6.72e-06	1.00e+00	30739
   .1	1.01e-02	6.20e-05			1.00e+00
 19.0	1.01e-02	6.20e-05	6.72e-06	1.00e+00	30705
   .1	1.01e-02	6.21e-05			1.00e+00
 20.0	1.01e-02	6.21e-05	6.72e-06	1.00e+00	30771
   .1	1.01e-02	6.21e-05			1.00e+00
projGN iterated maxIter=20 times but reached only stepNorm of 0.031318615976388964 instead 0.001.


--- Inversion on [256, 128] grid with wTVReg and alpha=4.1753189365604e-6 --- 

 i.LS	       F	       R	alpha[1]	   Jc/J0	 #Active
  1.0	1.01e-02	3.86e-05	4.18e-06	1.00e+00	30754
   .1	1.01e-02	3.87e-05			1.00e+00
  2.0	1.01e-02	3.87e-05	4.18e-06	1.00e+00	30816
   .1	1.01e-02	3.87e-05			1.00e+00
  3.0	1.01e-02	3.87e-05	4.18e-06	1.00e+00	30736
   .1	1.01e-02	3.88e-05			1.00e+00
  4.0	1.01e-02	3.88e-05	4.18e-06	1.00e+00	30852
   .1	1.01e-02	3.89e-05			1.00e+00
  5.0	1.01e-02	3.89e-05	4.18e-06	1.00e+00	30777
   .1	1.01e-02	3.90e-05			1.00e+00
  6.0	1.01e-02	3.90e-05	4.18e-06	1.00e+00	30890
   .1	1.01e-02	3.90e-05			1.00e+00
  7.0	1.01e-02	3.90e-05	4.18e-06	1.00e+00	30838
   .1	1.01e-02	3.91e-05			1.00e+00
  8.0	1.01e-02	3.91e-05	4.18e-06	1.00e+00	30927
   .1	1.01e-02	3.91e-05			1.00e+00
  9.0	1.01e-02	3.91e-05	4.18e-06	1.00e+00	30820
   .1	1.01e-02	3.92e-05			1.00e+00
 10.0	1.01e-02	3.92e-05	4.18e-06	1.00e+00	30959
   .1	1.01e-02	3.92e-05			1.00e+00
 11.0	1.01e-02	3.92e-05	4.18e-06	1.00e+00	30874
   .1	1.01e-02	3.93e-05			1.00e+00
 12.0	1.01e-02	3.93e-05	4.18e-06	1.00e+00	30995
   .1	1.01e-02	3.93e-05			1.00e+00
 13.0	1.01e-02	3.93e-05	4.18e-06	1.00e+00	30927
   .1	1.01e-02	3.94e-05			1.00e+00
 14.0	1.01e-02	3.94e-05	4.18e-06	1.00e+00	31024
   .1	1.01e-02	3.94e-05			1.00e+00
 15.0	1.01e-02	3.94e-05	4.18e-06	1.00e+00	30971
   .1	1.01e-02	3.95e-05			1.00e+00
 16.0	1.01e-02	3.95e-05	4.18e-06	1.00e+00	31068
   .1	1.01e-02	3.95e-05			1.00e+00
 17.0	1.01e-02	3.95e-05	4.18e-06	1.00e+00	30991
   .1	1.01e-02	3.96e-05			1.00e+00
 18.0	1.01e-02	3.96e-05	4.18e-06	1.00e+00	31099
   .1	1.01e-02	3.96e-05			1.00e+00
 19.0	1.01e-02	3.96e-05	4.18e-06	1.00e+00	31007
   .1	1.01e-02	3.97e-05			1.00e+00
 20.0	1.01e-02	3.97e-05	4.18e-06	1.00e+00	31154
   .1	1.01e-02	3.97e-05			1.00e+00
projGN iterated maxIter=20 times but reached only stepNorm of 0.03015418763546035 instead 0.001.


--- Inversion on [256, 128] grid with wTVReg and alpha=2.592943797404667e-6 --- 

 i.LS	       F	       R	alpha[1]	   Jc/J0	 #Active
  1.0	1.01e-02	2.47e-05	2.59e-06	1.00e+00	31099
   .1	1.01e-02	2.48e-05			1.00e+00
  2.0	1.01e-02	2.48e-05	2.59e-06	1.00e+00	31221
   .1	1.01e-02	2.48e-05			1.00e+00
  3.0	1.01e-02	2.48e-05	2.59e-06	1.00e+00	31071
   .1	1.01e-02	2.48e-05			1.00e+00
  4.0	1.01e-02	2.48e-05	2.59e-06	1.00e+00	31255
   .1	1.01e-02	2.49e-05			1.00e+00
  5.0	1.01e-02	2.49e-05	2.59e-06	1.00e+00	31270
   .1	1.01e-02	2.49e-05			1.00e+00
  6.0	1.01e-02	2.49e-05	2.59e-06	1.00e+00	31325
   .1	1.01e-02	2.49e-05			1.00e+00
  7.0	1.01e-02	2.49e-05	2.59e-06	1.00e+00	31323
   .1	1.01e-02	2.50e-05			1.00e+00
  8.0	1.01e-02	2.50e-05	2.59e-06	1.00e+00	31396
   .1	1.01e-02	2.50e-05			1.00e+00
  9.0	1.01e-02	2.50e-05	2.59e-06	1.00e+00	31389
   .1	1.01e-02	2.50e-05			1.00e+00
 10.0	1.01e-02	2.50e-05	2.59e-06	1.00e+00	31456
   .1	1.01e-02	2.50e-05			1.00e+00
 11.0	1.01e-02	2.50e-05	2.59e-06	1.00e+00	31466
   .1	1.01e-02	2.51e-05			1.00e+00
 12.0	1.01e-02	2.51e-05	2.59e-06	1.00e+00	31508
   .1	1.01e-02	2.51e-05			1.00e+00
 13.0	1.01e-02	2.51e-05	2.59e-06	1.00e+00	31550
   .1	1.01e-02	2.51e-05			1.00e+00
 14.0	1.01e-02	2.51e-05	2.59e-06	1.00e+00	31555
   .1	1.01e-02	2.52e-05			1.00e+00
 15.0	1.01e-02	2.52e-05	2.59e-06	1.00e+00	31594
   .1	1.01e-02	2.52e-05			1.00e+00
 16.0	1.01e-02	2.52e-05	2.59e-06	1.00e+00	31593
   .1	1.01e-02	2.52e-05			1.00e+00
 17.0	1.01e-02	2.52e-05	2.59e-06	1.00e+00	31642
   .1	1.01e-02	2.53e-05			1.00e+00
 18.0	1.01e-02	2.53e-05	2.59e-06	1.00e+00	31592
   .1	1.01e-02	2.53e-05			1.00e+00
 19.0	1.01e-02	2.53e-05	2.59e-06	1.00e+00	31673
   .1	1.01e-02	2.53e-05			1.00e+00
 20.0	1.01e-02	2.53e-05	2.59e-06	1.00e+00	31616
   .1	1.01e-02	2.53e-05			1.00e+00
projGN iterated maxIter=20 times but reached only stepNorm of 0.02677328711780691 instead 0.001.


--- Inversion on [256, 128] grid with wTVReg and alpha=1.6102620275609392e-6 --- 

 i.LS	       F	       R	alpha[1]	   Jc/J0	 #Active
  1.0	1.01e-02	1.57e-05	1.61e-06	1.00e+00	31702
   .1	1.01e-02	1.58e-05			1.00e+00
  2.0	1.01e-02	1.58e-05	1.61e-06	1.00e+00	31533
   .1	1.01e-02	1.58e-05			1.00e+00
  3.0	1.01e-02	1.58e-05	1.61e-06	1.00e+00	31696
   .1	1.01e-02	1.58e-05			1.00e+00
  4.0	1.01e-02	1.58e-05	1.61e-06	1.00e+00	31611
   .1	1.01e-02	1.58e-05			1.00e+00
  5.0	1.01e-02	1.58e-05	1.61e-06	1.00e+00	31581
   .1	1.01e-02	1.58e-05			1.00e+00
  6.0	1.01e-02	1.58e-05	1.61e-06	1.00e+00	31488
   .1	1.01e-02	1.58e-05			1.00e+00
   .2	1.01e-02	1.58e-05			1.00e+00
   .3	1.01e-02	1.58e-05			1.00e+00
  7.0	1.01e-02	1.58e-05	1.61e-06	1.00e+00	31429
   .1	1.01e-02	1.58e-05			1.00e+00
  8.0	1.01e-02	1.58e-05	1.61e-06	1.00e+00	31620
   .1	1.01e-02	1.59e-05			1.00e+00
  9.0	1.01e-02	1.59e-05	1.61e-06	1.00e+00	31342
   .1	1.01e-02	1.59e-05			1.00e+00
   .2	1.01e-02	1.59e-05			1.00e+00
   .3	1.01e-02	1.59e-05			1.00e+00
 10.0	1.01e-02	1.59e-05	1.61e-06	1.00e+00	31744
   .1	1.01e-02	1.59e-05			1.00e+00
 11.0	1.01e-02	1.59e-05	1.61e-06	1.00e+00	31764
   .1	1.01e-02	1.59e-05			1.00e+00
 12.0	1.01e-02	1.59e-05	1.61e-06	1.00e+00	31590
   .1	1.01e-02	1.59e-05			1.00e+00
 13.0	1.01e-02	1.59e-05	1.61e-06	1.00e+00	31627
   .1	1.01e-02	1.59e-05			1.00e+00
 14.0	1.01e-02	1.59e-05	1.61e-06	1.00e+00	31588
   .1	1.01e-02	1.59e-05			1.00e+00
   .2	1.01e-02	1.59e-05			1.00e+00
 15.0	1.01e-02	1.59e-05	1.61e-06	1.00e+00	31562
   .1	1.01e-02	1.59e-05			1.00e+00
 16.0	1.01e-02	1.59e-05	1.61e-06	1.00e+00	31512
   .1	1.01e-02	1.59e-05			1.00e+00
 17.0	1.01e-02	1.59e-05	1.61e-06	1.00e+00	31341
   .1	1.01e-02	1.60e-05			1.00e+00
   .2	1.01e-02	1.59e-05			1.00e+00
   .3	1.01e-02	1.59e-05			1.00e+00
 18.0	1.01e-02	1.59e-05	1.61e-06	1.00e+00	31787
   .1	1.01e-02	1.60e-05			1.00e+00
   .2	1.01e-02	1.60e-05			1.00e+00
 19.0	1.01e-02	1.60e-05	1.61e-06	1.00e+00	31804
   .1	1.01e-02	1.60e-05			1.00e+00
   .2	1.01e-02	1.60e-05			1.00e+00
 20.0	1.01e-02	1.60e-05	1.61e-06	1.00e+00	31707
   .1	1.01e-02	1.60e-05			1.00e+00
projGN iterated maxIter=20 times but reached only stepNorm of 0.02593432736018919 instead 0.001.


--- Inversion on [256, 128] grid with wTVReg and alpha=1.0e-6 --- 

 i.LS	       F	       R	alpha[1]	   Jc/J0	 #Active
  1.0	1.01e-02	9.92e-06	1.00e-06	1.00e+00	31783
   .1	1.01e-02	9.93e-06			1.00e+00
   .2	1.01e-02	9.93e-06			1.00e+00
  2.0	1.01e-02	9.93e-06	1.00e-06	1.00e+00	31723
   .1	1.01e-02	9.95e-06			1.00e+00
   .2	1.01e-02	9.94e-06			1.00e+00
  3.0	1.01e-02	9.94e-06	1.00e-06	1.00e+00	31841
   .1	1.01e-02	9.95e-06			1.00e+00
   .2	1.01e-02	9.94e-06			1.00e+00
  4.0	1.01e-02	9.94e-06	1.00e-06	1.00e+00	31738
   .1	1.01e-02	9.97e-06			1.00e+00
  5.0	1.01e-02	9.97e-06	1.00e-06	1.00e+00	31837
   .1	1.01e-02	9.97e-06			1.00e+00
  6.0	1.01e-02	9.97e-06	1.00e-06	1.00e+00	31439
   .1	1.01e-02	9.98e-06			1.00e+00
   .2	1.01e-02	9.97e-06			1.00e+00
   .3	1.01e-02	9.97e-06			1.00e+00
  7.0	1.01e-02	9.97e-06	1.00e-06	1.00e+00	31827
   .1	1.01e-02	9.99e-06			1.00e+00
   .2	1.01e-02	9.98e-06			1.00e+00
  8.0	1.01e-02	9.98e-06	1.00e-06	1.00e+00	31738
   .1	1.01e-02	1.00e-05			1.00e+00
   .2	1.01e-02	9.99e-06			1.00e+00
  9.0	1.01e-02	9.99e-06	1.00e-06	1.00e+00	31886
   .1	1.01e-02	1.00e-05			1.00e+00
 10.0	1.01e-02	1.00e-05	1.00e-06	1.00e+00	31503
   .1	1.01e-02	1.00e-05			1.00e+00
   .2	1.01e-02	1.00e-05			1.00e+00
   .3	1.01e-02	1.00e-05			1.00e+00
   .4	1.01e-02	1.00e-05			1.00e+00
   .5	1.01e-02	1.00e-05			1.00e+00
 11.0	1.01e-02	1.00e-05	1.00e-06	1.00e+00	31813
   .1	1.01e-02	1.00e-05			1.00e+00
   .2	1.01e-02	1.00e-05			1.00e+00
 12.0	1.01e-02	1.00e-05	1.00e-06	1.00e+00	31878
   .1	1.01e-02	1.00e-05			1.00e+00
 13.0	1.01e-02	1.00e-05	1.00e-06	1.00e+00	31806
   .1	1.01e-02	1.00e-05			1.00e+00
   .2	1.01e-02	1.00e-05			1.00e+00
 14.0	1.01e-02	1.00e-05	1.00e-06	1.00e+00	31688
   .1	1.01e-02	1.00e-05			1.00e+00
   .2	1.01e-02	1.00e-05			1.00e+00
 15.0	1.01e-02	1.00e-05	1.00e-06	1.00e+00	31890
   .1	1.01e-02	1.00e-05			1.00e+00
   .2	1.01e-02	1.00e-05			1.00e+00
 16.0	1.01e-02	1.00e-05	1.00e-06	1.00e+00	31724
   .1	1.01e-02	1.00e-05			1.00e+00
 17.0	1.01e-02	1.00e-05	1.00e-06	1.00e+00	31932
   .1	1.01e-02	1.01e-05			1.00e+00
 18.0	1.01e-02	1.01e-05	1.00e-06	1.00e+00	31604
   .1	1.01e-02	1.01e-05			1.00e+00
   .2	1.01e-02	1.01e-05			1.00e+00
   .3	1.01e-02	1.01e-05			1.00e+00
   .4	1.01e-02	1.01e-05			1.00e+00
   .5	1.01e-02	1.01e-05			1.00e+00
   .6	1.01e-02	1.01e-05			1.00e+00
projGN reached desired accuracy at iteration 18.

 no PDE solves: 	32580

 overall runtime: 212.705170823
